100
28
35
35
23
20
18
22
50
29
30
42
53
22
27
30
36
34
45
28
30
45
59
44
54
64
71
41
36
44
52
41
34
83
48
92
74
53
60
83
51
53
60
53
51
53
83
42
60
83
58
72
58
61
58
55
66
73
119
62
81
56
62
54
73
69
76
73
118
62
131
131
66
146
76
125
84
140
88
83
72
83
154
90
118
139
78
106
90
90
107
103
107
88
97
122
103
94
170
136
115
103
13
3
4
13
3
4
5
3
4
7
3
2
5
3
2
5
3
4
13
4
4
5
4
4
7
4
2
13
4
2
13
4
4
5
4
2
5
4
4
7
4
2
5
5
4
7
5
2
7
5
4
5
5
2
5
5
2
7
5
4
13
5
2
5
6
4
7
6
4
13
6
2
13
6
2
7
6
2
5
6
2
7
6
2
7
6
4
7
6
2
5
6
2
13
7
2
7
7
2
13
7
4
13
7
2
5
7
4
7
7
4
13
7
2
5
7
4
7
7
2
7
7
4
5
7
4
7
7
2
7
7
2
13
7
2
5
7
2
7
7
4
13
7
4
5
8
4
7
8
4
5
8
4
7
8
2
5
8
4
7
8
2
7
9
2
7
9
4
13
9
4
5
9
4
7
9
4
5
9
2
7
9
2
5
9
2
5
10
4
5
10
4
5
10
4
5
10
4
13
10
2
5
10
2
13
11
4
13
11
4
5
11
2
13
11
4
5
11
4
13
11
2
7
11
2
13
11
4
5
12
4
7
12
2
5
12
2
5
12
4
13
13
2
7
13
2
7
13
4
13
13
2
5
13
2
7
13
4
5
13
4
5
13
4
7
14
2
7
14
2
7
14
2
5
14
2
5
14
4
7
15
4
7
15
2
5
15
2
13
15
2
7
15
4
5
15
4
7
15
2
