200
28
20
38
22
18
26
18
23
20
23
26
17
32
18
20
23
24
22
27
22
36
50
27
47
34
47
50
47
47
22
27
32
25
32
28
56
36
38
38
59
34
59
34
38
53
38
59
59
41
46
41
44
41
54
76
71
36
37
54
68
34
49
64
41
41
71
79
41
79
60
92
53
53
51
48
48
48
51
89
53
53
60
53
51
79
51
53
42
83
83
48
83
60
74
60
55
48
50
95
95
61
69
91
58
95
50
45
65
45
101
45
72
62
62
51
107
73
78
69
81
78
69
78
62
66
56
60
107
81
127
90
73
113
73
56
127
76
107
73
69
76
84
146
66
90
76
66
125
69
99
90
90
88
143
92
159
83
68
159
83
92
152
92
98
142
159
106
165
78
155
99
90
118
90
73
73
154
95
155
78
166
121
166
107
178
97
166
121
185
199
115
115
90
110
178
110
178
122
94
103
110
5
3
4
13
3
4
7
3
2
5
3
2
7
3
4
5
3
2
5
3
4
5
3
4
7
3
2
7
3
4
5
3
2
13
3
2
5
3
2
5
3
4
7
3
2
7
3
4
5
3
4
7
3
4
5
4
2
7
4
4
13
4
4
5
4
4
13
4
2
7
4
4
13
4
4
13
4
4
13
4
2
13
4
4
5
4
2
7
4
2
7
4
4
5
4
2
7
4
4
5
5
2
13
5
2
5
5
4
7
5
2
7
5
2
13
5
2
7
5
2
13
5
2
7
5
2
7
5
2
13
5
2
5
5
4
13
5
2
13
5
4
7
6
2
7
6
2
7
6
2
7
6
2
5
6
4
7
6
4
13
6
4
13
6
2
5
6
2
5
6
2
7
6
4
13
6
2
5
6
2
7
6
4
13
6
2
5
6
4
5
6
4
13
6
4
13
6
4
7
6
2
13
6
4
7
7
4
13
7
4
7
7
2
7
7
2
5
7
4
5
7
4
5
7
4
5
7
4
5
7
4
13
7
4
7
7
2
5
7
4
7
7
4
7
7
2
5
7
4
13
7
2
5
7
4
5
7
4
5
7
2
13
7
4
13
7
4
7
7
2
13
7
4
7
7
4
13
7
2
7
7
4
5
8
4
5
8
2
5
8
2
13
8
4
13
8
2
5
8
4
7
8
4
13
8
2
7
8
2
13
8
2
5
8
2
5
8
2
7
8
4
5
8
2
13
8
4
5
8
2
7
8
4
7
9
2
5
9
4
5
9
2
13
9
4
7
9
4
7
9
4
5
9
4
7
9
4
7
9
4
5
9
4
7
9
4
7
9
2
5
9
4
5
9
2
5
10
2
13
10
2
7
10
4
13
10
4
7
10
4
7
10
2
13
10
2
7
10
2
5
10
2
13
10
4
5
10
4
13
10
2
7
10
2
7
10
2
7
10
2
5
11
4
13
11
4
5
11
2
7
11
4
5
11
4
5
11
2
13
11
2
5
11
2
7
11
4
7
11
4
7
11
4
7
12
2
13
12
4
5
12
4
13
12
4
5
12
4
5
12
2
13
12
4
7
12
2
5
12
4
13
12
4
5
12
4
7
12
4
13
12
2
13
12
4
7
13
4
13
13
4
5
13
2
13
13
4
5
13
4
7
13
2
7
13
4
7
13
2
5
13
2
5
13
2
13
13
2
5
13
4
13
13
4
5
13
2
13
14
2
7
14
4
13
14
2
7
14
2
13
14
4
7
14
2
13
14
2
7
14
4
13
14
4
13
15
4
7
15
2
7
15
2
5
15
2
7
15
2
13
15
2
7
15
2
13
15
2
7
15
4
5
15
2
7
15
2
5
15
4
