300
28
34
22
35
24
22
20
17
34
35
17
24
38
20
34
17
18
24
20
32
23
27
23
17
17
35
26
27
24
34
32
30
34
30
29
24
30
47
34
47
27
32
47
34
22
50
27
56
45
38
34
31
53
36
43
31
30
66
28
34
43
36
34
63
38
59
30
36
71
44
37
71
34
52
64
64
52
76
37
64
34
49
44
49
41
41
76
36
79
36
76
44
76
46
76
52
79
49
76
76
46
48
53
60
89
63
89
57
44
63
39
79
42
83
89
53
57
63
53
92
53
74
92
48
51
48
83
42
51
79
51
53
53
57
51
95
50
101
48
69
50
61
48
85
55
101
101
55
48
61
106
72
106
101
61
85
91
58
119
66
102
69
81
96
56
69
66
66
106
81
106
107
106
81
73
96
66
81
81
66
73
107
62
73
60
119
87
113
113
132
81
87
81
132
56
69
113
56
76
132
76
107
69
60
90
90
69
146
76
117
76
76
76
84
90
76
76
69
95
152
152
152
142
152
142
83
75
152
75
75
92
83
75
88
88
83
83
72
159
98
148
155
139
99
139
90
165
118
95
165
155
99
172
90
139
99
165
154
99
165
118
95
99
106
90
155
97
97
88
84
127
185
121
178
178
127
103
97
88
110
110
115
85
130
170
115
115
110
115
90
94
160
103
94
103
160
94
110
199
178
85
13
3
2
7
3
2
13
3
2
7
3
4
5
3
4
5
3
4
5
3
2
13
3
2
13
3
2
5
3
2
7
3
4
13
3
4
7
3
2
13
3
2
5
3
2
5
3
2
7
3
4
5
3
4
13
3
2
5
3
4
7
3
4
7
3
2
5
3
2
5
3
2
13
3
4
7
3
4
7
3
4
5
4
2
7
4
4
7
4
4
5
4
4
7
4
4
7
4
2
5
4
4
5
4
2
5
4
4
13
4
4
7
4
4
13
4
4
7
4
2
7
4
4
13
4
4
7
4
4
5
4
2
13
4
4
5
4
4
13
5
2
7
5
4
7
5
2
7
5
2
5
5
2
13
5
2
5
5
4
7
5
4
5
5
2
5
5
2
13
5
4
5
5
2
7
5
2
7
5
4
7
5
2
7
5
2
13
5
4
5
5
4
13
5
4
5
5
2
5
6
2
13
6
2
7
6
2
5
6
2
13
6
2
5
6
2
7
6
4
13
6
2
13
6
2
7
6
4
13
6
4
5
6
2
13
6
2
5
6
2
7
6
4
7
6
2
7
6
4
5
6
4
5
6
4
13
6
4
5
6
2
13
6
4
5
6
2
13
6
4
7
6
2
13
6
4
7
6
2
13
6
4
7
6
4
13
6
4
7
6
4
13
6
4
13
6
4
7
6
2
7
7
2
5
7
4
7
7
4
13
7
4
7
7
4
13
7
4
7
7
4
5
7
2
7
7
4
5
7
2
13
7
2
5
7
2
13
7
4
13
7
4
5
7
4
7
7
4
7
7
4
5
7
4
13
7
4
7
7
2
13
7
2
13
7
4
5
7
4
5
7
4
7
7
2
13
7
2
5
7
2
7
7
2
13
7
2
7
7
2
7
7
2
5
7
4
7
7
4
5
7
4
13
8
4
5
8
2
13
8
4
5
8
2
7
8
4
5
8
2
5
8
4
5
8
2
13
8
2
7
8
2
13
8
4
13
8
4
5
8
4
5
8
2
5
8
4
13
8
4
7
8
4
13
8
4
13
8
4
5
8
4
13
8
2
13
8
2
7
8
2
13
9
4
7
9
2
13
9
2
5
9
4
7
9
4
13
9
2
5
9
2
7
9
2
7
9
2
5
9
4
13
9
2
7
9
4
13
9
2
13
9
4
13
9
2
7
9
4
7
9
4
13
9
2
7
9
2
7
9
4
7
9
4
7
9
2
7
9
4
13
9
4
5
9
4
7
9
4
5
10
2
13
10
4
7
10
4
13
10
2
13
10
2
13
10
4
7
10
4
7
10
4
7
10
4
13
10
4
5
10
2
5
10
4
13
10
2
5
10
2
7
10
2
13
10
4
7
10
2
13
10
2
7
10
2
5
10
2
7
10
4
7
11
4
5
11
2
13
11
4
7
11
2
13
11
2
5
11
4
5
11
4
5
11
4
5
11
4
7
11
4
5
11
4
5
11
4
5
11
2
7
11
4
13
12
4
13
12
4
13
12
4
13
12
2
13
12
4
13
12
2
7
12
2
5
12
2
13
12
4
5
12
2
5
12
2
5
12
4
5
12
4
5
12
2
7
12
2
5
12
4
5
12
4
7
12
2
5
12
2
13
12
4
7
12
4
13
13
2
13
13
4
13
13
2
5
13
4
13
13
2
5
13
4
13
13
4
7
13
4
5
13
4
13
13
4
13
13
4
5
13
4
13
13
4
7
13
2
13
13
2
5
13
4
13
13
4
13
13
2
5
13
4
13
13
4
7
13
4
5
13
4
5
13
4
7
13
4
7
13
2
13
13
4
5
14
4
7
14
2
5
14
2
5
14
2
7
14
4
13
14
4
7
14
4
13
14
4
13
14
4
7
14
4
7
14
2
7
14
2
5
14
2
7
15
2
5
15
4
7
15
2
5
15
2
7
15
4
13
15
2
5
15
4
7
15
2
5
15
4
5
15
4
5
15
2
5
15
2
13
15
2
5
15
4
5
15
2
5
15
4
13
15
2
5
15
2
7
15
2
13
15
4
13
15
2
5
15
2
