50
28
34
32
22
22
23
53
47
40
63
43
45
45
28
43
71
71
46
92
89
48
55
69
65
95
95
69
114
81
78
73
127
127
140
146
81
84
131
84
99
131
75
143
104
106
106
106
149
167
170
178
13
3
2
13
3
2
5
3
4
7
3
2
7
3
2
13
4
4
13
4
2
7
5
4
13
5
4
7
5
4
7
5
4
7
5
4
5
5
2
7
5
4
13
6
4
13
6
4
7
6
2
13
7
4
13
7
4
5
7
4
7
8
2
7
8
4
7
8
4
13
8
2
13
8
2
7
8
4
13
9
4
7
9
4
7
9
4
7
9
4
13
10
4
13
10
4
13
11
4
13
11
4
7
11
2
7
11
2
13
11
4
5
11
4
7
11
4
13
11
4
5
12
2
13
12
4
7
12
4
7
13
4
7
13
4
7
13
4
13
14
2
13
14
4
13
15
2
13
15
2
