55
28
20
35
35
27
38
32
32
43
28
45
66
63
36
66
63
41
44
52
60
83
79
72
95
72
72
65
106
107
114
107
62
69
119
69
95
146
62
146
99
90
90
90
130
152
128
136
139
172
139
154
127
107
170
110
115
7
3
2
13
3
4
13
3
2
7
3
4
13
3
4
7
4
4
7
4
4
7
5
4
5
5
2
7
5
4
13
5
4
13
5
4
7
5
2
13
5
4
13
5
4
5
6
4
7
6
2
7
6
4
7
7
4
13
7
2
13
7
2
7
8
4
13
8
4
7
8
4
7
8
4
7
8
4
13
8
4
13
9
4
13
9
4
13
9
4
7
9
2
7
10
2
13
10
4
5
10
4
7
11
4
13
11
4
5
11
2
13
11
4
7
11
4
7
11
4
7
11
4
7
11
4
13
11
2
13
12
4
13
12
2
13
12
2
13
13
2
13
13
4
13
13
2
13
13
2
7
14
4
7
14
2
13
15
2
5
15
4
7
15
2
