60
28
22
17
24
39
23
53
32
34
66
40
59
36
53
63
49
71
36
46
92
39
48
95
91
114
56
96
78
96
107
113
62
118
119
62
125
140
76
90
76
75
83
136
92
68
88
88
118
90
81
95
107
97
84
103
166
190
90
110
178
170
7
3
2
5
3
2
7
3
4
13
3
4
7
3
2
13
4
4
7
4
4
7
4
4
13
5
4
7
5
4
13
5
2
7
5
2
13
5
2
13
5
4
7
6
4
13
6
2
5
6
2
7
6
2
13
7
4
5
7
2
7
7
2
13
8
2
13
8
2
13
9
4
5
9
2
13
9
2
7
9
4
13
9
2
13
10
2
13
10
2
5
10
2
13
10
2
13
10
4
5
10
2
13
11
2
13
11
4
7
11
2
7
11
4
5
11
4
5
12
2
7
12
2
13
12
2
7
12
2
5
12
2
7
12
2
5
12
4
7
13
4
5
13
4
5
13
2
7
13
2
7
14
2
7
14
2
5
14
2
5
14
4
13
14
2
13
15
4
5
15
2
7
15
2
13
15
2
13
15
2
