65
28
39
26
22
35
20
50
32
42
56
38
66
28
38
56
36
49
64
64
79
39
79
53
74
91
101
56
96
119
54
119
107
73
73
62
60
73
113
90
81
95
66
84
66
68
88
98
83
83
72
142
154
78
99
172
155
114
166
121
166
107
94
130
94
110
103
13
3
4
7
3
4
7
3
2
13
3
2
7
3
2
13
4
4
7
4
4
13
4
2
13
5
2
7
5
2
13
5
4
5
5
2
7
5
2
13
5
2
5
6
2
7
6
4
13
6
2
13
6
2
13
6
4
5
7
2
13
7
2
7
7
2
13
7
2
13
8
2
13
8
4
5
9
2
13
9
2
13
9
4
5
9
2
13
9
4
13
9
4
7
10
2
7
10
2
5
10
2
5
10
2
7
10
2
13
10
2
7
10
4
5
11
4
7
11
4
5
11
2
7
11
2
5
11
2
5
12
2
7
12
2
7
12
4
7
12
2
5
12
4
5
12
2
13
12
2
13
13
2
5
13
2
7
13
2
13
13
4
13
13
4
7
14
4
13
14
2
7
14
4
13
14
2
5
14
4
5
15
2
7
15
4
5
15
2
5
15
4
5
15
4
