75
28
27
35
24
32
34
35
32
45
36
22
47
30
30
43
38
63
66
43
44
41
41
49
71
64
46
76
74
51
60
39
44
74
48
57
83
83
51
44
60
44
60
65
55
45
69
119
62
78
106
102
90
56
81
81
90
69
131
81
125
143
68
109
165
78
90
103
84
97
130
170
85
103
160
115
110
7
3
4
13
3
2
7
3
4
13
3
2
13
3
2
13
3
2
7
4
4
13
4
2
7
4
4
5
4
2
13
4
4
5
4
4
5
4
4
7
5
4
5
5
4
13
5
4
13
5
4
7
5
4
7
6
2
5
6
4
7
6
2
7
6
4
13
6
4
13
6
2
7
6
2
13
6
4
13
7
2
5
7
4
7
7
4
5
7
2
5
7
2
13
7
2
5
7
4
7
7
4
13
7
2
13
7
2
5
7
4
5
7
2
7
7
4
5
7
2
7
7
4
7
8
4
5
8
4
5
8
2
7
9
2
13
9
4
5
9
4
7
9
4
13
9
2
13
9
2
7
10
4
5
10
2
7
10
4
7
11
2
7
11
4
5
11
2
13
11
4
7
11
2
13
11
2
13
12
4
5
12
2
7
12
4
13
13
4
5
13
2
7
13
2
7
14
2
5
14
2
7
14
2
7
15
4
13
15
2
5
15
2
7
15
2
13
15
2
5
15
4
7
15
2
