80
28
32
24
39
26
20
38
29
27
36
22
47
42
36
45
30
38
43
59
76
49
64
64
37
54
41
36
83
51
53
83
74
51
48
63
39
51
60
48
48
53
79
51
55
101
91
73
54
78
62
62
62
118
87
132
113
66
84
125
62
99
76
69
81
88
152
68
118
155
78
106
79
127
97
110
110
110
170
115
122
115
13
3
2
7
3
4
13
3
4
7
3
4
5
3
4
13
3
4
5
4
4
5
4
4
7
4
4
5
4
2
13
4
4
13
4
2
7
4
4
7
5
4
5
5
2
7
5
2
7
5
4
13
5
2
13
6
4
7
6
4
13
6
2
13
6
2
5
6
2
7
6
4
5
6
4
5
6
2
13
7
2
5
7
4
7
7
2
13
7
4
13
7
2
5
7
4
5
7
4
7
7
4
5
7
2
7
7
2
7
7
4
5
7
4
5
7
4
7
7
2
13
7
2
5
7
4
7
8
2
13
8
4
13
8
2
7
9
4
5
9
2
7
9
4
7
9
2
7
9
2
5
9
4
13
10
2
7
10
4
13
10
4
13
10
2
5
11
2
7
11
2
13
11
2
5
11
2
7
11
4
7
11
2
5
11
2
7
11
2
7
12
2
13
12
4
5
12
2
7
13
4
13
13
4
5
13
2
7
13
4
5
14
2
7
14
4
5
14
4
7
15
2
7
15
2
7
15
2
13
15
2
5
15
4
7
15
4
5
15
4
