85
28
39
22
17
24
17
39
53
27
29
30
29
36
47
53
36
53
66
34
36
36
41
64
46
44
76
71
44
42
48
51
60
57
39
39
63
79
53
51
89
83
60
39
53
65
61
58
101
66
96
106
51
66
107
56
76
69
60
87
81
140
84
76
146
62
90
84
88
68
92
90
113
172
99
113
107
97
107
79
90
110
110
179
103
178
160
13
3
4
5
3
4
5
3
2
7
3
4
5
3
2
13
3
4
13
4
4
7
4
2
7
4
2
5
4
4
7
4
2
7
4
4
13
4
4
13
5
2
7
5
2
13
5
2
13
5
4
5
5
4
7
5
2
5
6
2
5
6
4
13
6
2
5
6
4
7
6
2
13
6
4
13
6
4
5
6
4
5
7
2
7
7
2
5
7
4
7
7
4
7
7
4
5
7
2
5
7
2
7
7
4
13
7
2
5
7
4
7
7
2
13
7
4
13
7
2
7
7
4
5
7
2
7
7
2
7
8
4
7
8
2
5
8
4
13
8
4
7
9
2
13
9
2
13
9
2
5
9
2
7
9
2
13
9
4
5
10
2
7
10
2
7
10
2
5
10
2
7
10
4
7
11
2
13
11
4
5
11
4
7
11
2
13
11
4
5
11
2
7
11
4
5
11
4
7
12
2
5
12
2
7
12
2
7
13
2
7
13
4
13
13
4
5
13
4
7
13
4
5
14
4
7
14
2
5
14
4
5
14
2
5
15
2
5
15
4
5
15
4
13
15
4
5
15
4
13
15
2
13
15
2
