90
28
34
34
24
20
23
26
29
42
45
34
47
45
24
32
28
34
59
36
45
63
68
37
44
49
46
41
46
44
36
52
74
53
48
89
74
48
53
48
60
60
42
79
53
74
83
48
55
95
48
55
81
51
78
81
106
66
69
119
76
69
60
73
66
90
90
99
131
84
76
84
88
75
88
99
95
99
148
81
154
178
103
167
103
178
110
199
110
103
110
103
13
3
2
13
3
2
7
3
4
7
3
2
5
3
4
7
3
4
7
4
2
13
4
2
13
4
2
7
4
4
13
4
4
13
4
2
5
4
2
7
4
4
5
5
2
5
5
4
13
5
2
5
5
4
7
5
4
13
5
4
13
6
2
5
6
2
5
6
4
7
6
4
5
6
4
7
6
2
7
6
2
5
6
4
5
6
2
7
6
4
13
7
2
5
7
4
7
7
2
13
7
4
13
7
2
7
7
2
5
7
4
7
7
2
7
7
4
7
7
4
5
7
2
13
7
2
7
7
2
13
7
2
13
7
2
5
7
4
7
8
2
13
8
2
5
8
2
7
8
2
7
9
4
5
9
2
7
9
4
7
9
4
13
9
2
5
9
4
7
9
2
13
10
4
5
10
4
7
10
2
5
10
2
7
10
2
5
11
2
7
11
4
7
11
4
7
11
4
13
11
4
5
11
4
7
11
2
5
11
4
7
12
2
5
12
2
5
12
4
5
13
4
5
13
4
5
13
4
13
13
2
5
13
2
13
13
2
13
14
4
5
14
4
13
14
4
5
14
4
13
15
2
7
15
2
13
15
4
5
15
4
7
15
2
5
15
4
5
15
4
