95
28
20
24
39
34
23
38
45
30
29
27
30
47
25
29
63
63
34
31
34
36
34
49
37
41
44
76
36
44
79
64
54
48
48
53
51
39
83
57
79
83
44
51
92
39
63
57
42
60
58
95
55
61
96
56
62
69
78
69
78
90
73
132
60
76
76
95
81
76
66
69
66
146
81
143
152
68
154
90
172
99
155
95
95
73
107
178
107
107
179
85
110
115
85
110
136
7
3
2
7
3
4
13
3
4
13
3
2
7
3
2
13
3
4
13
4
2
5
4
4
7
4
2
5
4
4
5
4
4
13
4
4
5
4
2
7
4
2
13
5
4
13
5
4
5
5
4
5
5
2
7
5
2
5
5
4
7
5
2
7
6
4
5
6
2
5
6
4
7
6
2
13
6
4
5
6
2
7
6
2
13
6
4
13
6
2
7
6
4
5
7
4
7
7
2
7
7
2
7
7
2
5
7
2
13
7
2
7
7
4
13
7
2
13
7
2
5
7
2
7
7
2
13
7
4
5
7
2
7
7
4
7
7
4
5
7
2
7
7
4
7
8
2
13
8
4
5
8
4
7
8
2
13
9
2
5
9
2
7
9
2
5
9
4
7
9
4
5
9
4
7
9
4
7
10
4
7
10
2
13
10
4
5
10
2
7
10
2
5
10
4
7
11
4
5
11
4
5
11
4
5
11
2
5
11
2
5
11
2
13
11
4
5
11
4
13
12
4
13
12
4
5
12
2
13
13
2
5
13
4
13
13
4
7
13
2
13
13
4
5
13
4
7
13
2
5
13
2
5
14
4
13
14
4
7
14
2
7
14
2
13
15
4
5
15
2
7
15
2
5
15
4
5
15
2
7
15
2
7
15
4
