100
2367
536
95
558
638
185
135
571
825
546
822
435
428
322
281
165
675
895
391
911
640
559
104
10
529
386
815
601
494
703
564
34
98
562
985
652
54
240
89
214
59
249
273
321
843
618
900
239
675
102
217
1
62
690
513
929
422
340
717
414
232
970
10
868
823
204
322
322
42
723
542
780
187
256
460
580
732
847
300
190
76
813
785
605
27
200
406
604
822
616
737
886
650
168
748
433
9
194
413
265
230
675
30
226
534
789
513
376
483
441
407
59
698
638
974
826
207
674
304
642
789
70
689
892
642
696
632
615
197
789
176
54
37
785
515
818
925
460
130
423
15
969
31
549
1
565
317
329
154
793
627
109
466
535
413
614
355
378
804
333
851
857
45
299
567
546
32
277
887
400
925
808
969
656
93
731
411
930
659
780
183
179
937
134
130
992
212
321
657
386
436
897
188
303
494
275
502
878
770
606
675
578
1000
609
341
860
70
140
525
126
771
521
163
509
2
377
246
822
614
338
716
331
510
294
105
782
351
528
648
1
277
97
660
161
365
21
420
379
661
814
928
302
236
526
202
853
776
576
951
544
466
624
892
88
776
400
752
607
405
499
162
353
320
951
369
206
521
988
677
133
343
146
424
886
97
307
923
195
169
816
962
886
218
31
826
808
417
548
266
555
222
41
952
7
619
51
219
775
380
590
937
988
939
615
37
973
885
743
864
187
466
17
341
986
866
78
168
716
868
715
775
46
954
517
131
144
63
536
972
444
856
781
290
59
49
400
154
228
688
519
819
184
877
781
641
768
269
48
253
404
314
197
821
287
494
890
946
121
912
613
538
356
840
973
405
753
997
947
339
105
76
786
106
379
602
397
70
597
467
600
128
183
755
983
519
891
939
632
495
402
384
807
287
392
969
692
736
311
519
727
438
