1000
1926
163
753
733
734
754
514
435
119
422
780
919
774
116
57
484
280
589
25
930
804
890
729
783
713
961
214
449
979
976
765
86
673
774
177
764
533
790
346
725
636
219
266
293
591
993
597
67
754
126
294
774
370
483
800
495
549
140
449
487
80
543
514
532
152
893
397
353
495
973
754
833
706
462
167
566
506
658
169
760
486
290
108
562
511
903
604
245
988
648
488
969
614
251
182
32
287
866
789
514
257
105
836
416
756
107
997
296
126
682
749
806
408
746
380
221
68
651
335
250
949
596
223
985
779
587
990
98
266
362
762
274
236
513
668
685
578
722
317
19
199
209
774
469
580
418
507
930
199
457
698
748
611
423
541
863
853
927
379
315
136
812
705
899
142
262
803
290
481
630
560
886
842
869
403
636
278
931
315
123
460
872
22
589
982
164
579
339
8
557
884
594
694
928
494
56
236
636
653
633
411
36
104
434
469
133
913
762
753
913
120
477
562
966
183
636
288
478
504
635
24
490
907
752
532
819
880
167
83
662
824
783
230
352
117
352
818
684
203
945
93
711
857
430
328
572
676
870
961
111
631
278
363
81
144
81
48
982
796
560
183
511
203
640
29
116
195
580
711
38
648
516
286
680
220
508
457
362
72
473
155
170
860
469
880
350
644
392
254
727
514
739
231
26
449
665
500
679
371
665
891
326
90
259
661
297
868
161
104
419
312
328
758
132
911
569
725
274
723
900
515
617
385
431
648
34
397
362
690
35
597
691
484
189
13
861
672
119
962
783
498
493
802
462
422
207
231
27
642
879
851
624
98
846
20
41
296
238
104
71
908
460
563
366
130
970
609
359
131
351
92
413
165
73
242
565
616
418
234
449
738
365
644
795
928
377
424
476
476
383
455
928
98
558
689
353
185
479
702
126
222
177
7
162
971
817
500
778
122
358
395
225
416
788
526
152
43
507
874
546
184
542
572
118
295
698
536
811
149
365
231
381
137
36
687
831
797
124
407
649
883
770
658
758
205
2
482
443
959
158
234
960
2
583
455
343
790
500
666
671
484
624
990
239
591
60
176
728
970
976
247
783
470
917
639
616
287
41
211
849
581
717
983
785
902
298
435
158
829
813
742
957
182
238
553
284
304
805
507
697
633
510
985
989
449
22
920
949
879
422
307
76
869
722
580
553
213
448
997
334
178
172
954
984
85
605
38
557
500
3
216
136
316
402
390
499
190
197
172
686
658
610
280
392
705
86
651
882
623
245
423
115
205
992
110
10
825
736
172
448
858
242
738
682
904
123
640
196
778
669
90
135
707
92
9
78
611
532
687
598
158
927
580
858
949
689
290
110
762
942
105
604
159
559
660
395
670
268
916
721
211
964
145
12
496
646
821
784
882
636
113
415
264
91
944
334
857
442
651
256
378
435
385
727
8
739
445
702
244
384
110
766
131
139
486
983
450
680
93
598
570
620
587
522
965
288
388
370
889
898
168
947
987
465
434
706
558
68
148
983
773
566
353
669
813
752
875
857
556
59
582
366
3
488
467
58
646
116
985
973
559
235
920
337
624
990
556
790
335
473
943
661
543
858
843
137
891
654
799
804
555
649
136
369
89
604
113
966
918
92
184
29
894
311
384
295
662
483
281
440
939
948
723
820
509
175
308
945
634
995
301
964
501
217
439
915
590
712
75
492
659
315
22
466
807
312
942
901
123
929
807
148
717
322
810
479
194
722
919
557
922
943
433
153
400
367
467
163
502
622
486
329
427
714
110
928
845
419
906
908
416
114
947
854
816
747
673
124
457
842
89
404
333
448
242
224
167
67
896
568
830
382
138
455
174
480
52
187
239
870
650
679
648
460
299
719
867
440
9
788
781
501
996
412
448
301
956
459
769
632
465
627
492
526
444
720
493
658
62
809
17
660
712
266
81
586
562
235
126
612
104
997
121
972
681
92
264
903
744
233
624
980
749
825
943
601
722
407
239
362
44
375
264
25
815
350
457
635
493
636
42
843
102
83
126
828
990
302
771
216
391
146
470
672
956
321
250
47
7
685
708
787
597
916
897
291
210
673
262
974
344
508
914
800
548
972
26
825
996
664
743
427
350
678
949
138
543
843
52
876
114
612
396
776
175
976
982
88
435
885
812
195
364
348
366
688
709
77
935
802
581
746
919
392
456
844
525
809
602
551
938
84
64
526
175
946
980
506
21
664
451
958
550
441
10
798
98
336
787
14
192
927
633
207
751
149
345
964
422
514
895
416
155
673
137
868
373
736
936
301
411
133
382
77
594
642
677
155
651
290
944
220
896
606
61
753
866
536
433
210
343
728
270
435
526
245
40
639
846
795
183
278
416
399
305
387
21
740
236
537
288
750
459
436
177
263
3
860
398
976
943
491
874
294
908
114
13
56
435
29
475
62
823
154
565
53
142
979
149
672
714
693
458
81
359
965
923
213
713
704
265
823
274
570
360
154
130
794
948
701
46
411
781
32
187
409
144
459
765
717
311
349
235
991
824
374
363
975
87
465
688
420
555
433
476
822
960
289
503
417
419
108
68
63
607
40
655
489
679
346
171
721
88
536
94
437
771
8
408
943
181
35
332
267
490
555
369
106
397
341
999
125
834
379
80
989
856
779
791
418
237
265
159
427
774
301
431
105
139
366
971
925
18
345
69
204
256
215
415
366
2
730
704
159
73
364
684
401
609
312
904
409
823
6
112
936
175
30
518
444
361
29
783
333
231
669
461
334
135
14
887
695
812
250
191
256
604
455
794
455
764
553
431
488
232
873
748
103
976
315
357
772
704
38
870
237
1
18
860
543
902
365
74
231
259
145
197
613
932
95
503
85
757
178
211
303
296
238
829
603
859
388
688
505
593
653
679
787
60
376
202
206
450
994
515
699
143
809
453
930
12
348
806
904
147
714
341
830
684
416
982
311
621
984
221
984
314
760
593
354
437
798
719
168
597
191
211
797
582
361
337
99
329
517
852
270
275
138
620
623
393
321
972
34
531
449
305
204
88
775
306
396
212
448
756
954
243
424
264
619
308
903
744
564
717
976
967
776
219
19
196
319
500
175
818
95
220
837
342
761
975
129
352
501
743
904
406
84
236
11
181
443
343
521
998
669
418
970
9
835
714
914
739
418
545
842
241
212
957
200
466
60
461
81
682
531
812
734
479
886
4
897
175
77
753
509
305
214
642
178
345
290
377
841
538
358
523
418
467
498
890
400
1000
528
704
51
228
951
707
902
810
415
81
454
72
788
232
157
239
545
304
385
441
705
398
999
443
817
431
652
962
893
85
294
867
874
456
163
624
113
768
920
366
241
691
278
291
37
519
201
98
913
193
659
295
995
412
916
33
440
346
487
531
240
443
927
996
786
61
935
38
435
999
865
326
874
880
346
929
699
838
651
46
841
537
246
346
356
623
477
962
734
163
547
630
750
299
696
164
691
258
339
866
54
785
562
609
296
290
502
857
163
851
102
790
343
389
215
486
256
251
762
914
533
21
286
249
888
379
350
740
527
785
965
642
952
951
57
549
470
158
194
693
224
884
570
44
679
286
97
569
866
948
668
549
741
765
228
167
697
643
621
102
270
266
176
691
621
895
819
751
551
852
65
371
460
622
923
753
408
536
770
852
674
830
219
994
825
318
449
412
265
413
216
590
949
38
956
118
35
533
595
801
202
425
250
954
715
573
58
529
732
519
313
504
447
174
654
741
544
36
470
150
906
762
823
417
275
89
161
316
823
872
750
189
13
907
682
941
213
536
227
29
784
991
142
750
576
631
346
114
433
734
807
351
155
513
776
251
954
929
646
195
882
556
796
36
109
623
977
4
770
175
218
344
279
436
60
513
695
49
91
405
848
667
506
88
902
34
593
633
480
566
370
994
946
42
179
237
642
816
362
443
24
975
588
961
571
932
903
962
990
106
758
411
972
282
656
523
299
132
724
837
899
40
135
875
412
510
672
538
694
237
761
513
144
296
174
862
526
848
972
620
493
979
880
486
468
39
160
635
822
242
643
965
776
223
442
796
959
730
404
749
986
192
87
458
174
31
902
784
539
842
206
178
170
70
51
430
636
978
746
853
766
791
777
2
202
544
291
143
373
93
132
698
800
503
300
122
955
194
275
50
325
961
631
730
761
497
925
325
872
704
524
633
531
935
433
183
763
651
223
740
938
333
674
653
797
450
79
871
999
114
429
389
846
317
561
357
960
118
977
915
790
491
719
250
813
571
339
240
179
809
858
285
649
428
156
859
307
179
366
346
405
321
557
826
639
331
118
559
293
450
691
947
80
14
122
822
665
52
851
522
886
395
618
999
74
571
66
602
765
149
518
692
229
134
768
21
619
691
202
522
688
673
157
934
896
147
668
609
484
900
516
727
275
749
844
492
820
388
90
404
389
50
548
452
412
106
89
852
442
217
14
950
705
495
163
589
854
386
202
255
805
321
30
792
997
389
226
149
639
434
197
713
673
678
475
295
713
894
97
528
645
189
197
336
665
905
725
333
350
481
522
208
173
733
508
467
874
144
635
547
494
491
843
931
143
700
147
958
282
94
27
377
564
181
562
754
939
883
141
804
439
720
992
360
892
597
51
143
959
945
922
52
692
375
452
906
213
824
104
650
197
921
977
876
57
315
409
724
687
119
474
769
425
830
940
107
739
813
178
830
257
530
400
496
214
748
856
59
140
481
460
206
77
68
284
422
206
201
425
187
955
875
331
137
648
239
910
847
47
320
599
997
675
615
906
777
628
677
790
933
185
903
33
468
360
831
134
929
137
658
257
992
826
480
450
383
936
989
766
32
228
946
967
584
770
693
128
910
12
782
545
929
319
490
910
384
290
738
716
60
701
248
60
656
727
768
901
520
955
766
116
486
235
158
251
727
321
414
540
758
965
751
758
659
434
764
652
756
691
975
868
466
253
521
919
342
680
541
173
456
902
493
498
319
74
830
89
110
125
492
123
486
589
513
641
340
46
520
788
670
76
810
622
423
659
341
794
357
895
214
439
697
473
253
785
453
873
765
253
417
476
691
725
407
311
117
439
972
485
50
901
939
361
347
901
745
724
771
112
15
470
539
557
847
363
368
466
35
970
649
159
178
384
488
862
160
490
549
286
607
416
787
787
923
481
961
628
396
201
680
860
343
958
960
929
984
809
630
641
586
761
287
39
921
453
229
337
747
604
190
479
342
275
136
497
584
268
170
301
567
787
220
286
347
994
266
888
129
584
236
221
409
773
86
458
961
160
520
775
480
129
435
692
944
92
996
826
440
125
675
68
912
178
189
708
419
62
80
107
600
111
119
136
592
257
604
63
270
279
60
344
152
30
554
303
78
629
599
422
864
587
180
853
484
794
703
365
858
682
974
550
304
999
452
386
308
610
362
57
751
55
156
255
426
967
835
644
79
92
408
421
85
549
482
284
567
18
733
692
713
504
431
327
545
223
269
262
934
220
628
959
373
168
969
900
92
307
844
342
142
372
109
342
847
293
984
905
836
716
917
704
543
854
835
565
60
727
805
269
402
786
615
523
853
5
41
131
543
236
857
51
260
616
647
116
980
611
972
179
267
956
522
776
701
468
62
970
833
941
33
415
887
511
882
498
967
716
831
589
68
474
295
301
398
665
443
850
39
424
572
694
647
26
503
261
596
260
319
189
815
948
657
649
959
457
686
202
221
884
375
564
555
678
445
443
738
683
379
855
692
924
115
695
733
456
530
626
349
677
1000
291
567
220
313
177
508
696
388
99
138
968
120
675
752
741
736
305
980
579
504
830
679
825
168
993
573
729
834
879
752
229
908
745
880
132
277
896
642
919
580
859
303
516
499
783
821
956
62
179
635
853
327
76
757
355
674
196
486
375
446
231
633
536
834
525
768
937
774
25
793
798
735
614
795
668
593
496
104
133
617
836
183
275
737
680
906
519
462
614
923
74
549
192
288
374
810
195
269
926
495
947
79
513
223
159
438
585
879
246
536
377
244
488
468
115
346
858
420
984
212
989
487
136
911
985
221
281
879
307
197
780
400
474
498
67
631
857
49
93
998
306
661
865
447
110
194
334
558
378
344
930
556
103
116
602
823
108
328
919
157
339
444
142
89
110
376
260
428
941
462
97
819
781
452
50
853
499
999
46
267
148
757
522
80
514
342
496
428
836
34
953
118
887
438
898
894
599
274
962
659
119
89
744
337
924
530
270
349
639
78
528
760
975
103
231
557
945
317
809
289
950
766
728
538
203
740
191
478
824
725
272
114
172
993
747
218
868
111
572
804
931
969
16
109
524
318
476
693
558
518
932
507
859
424
772
121
542
456
429
821
321
582
378
125
444
772
588
1
968
698
725
180
79
296
421
687
880
837
906
806
557
777
329
343
749
496
803
242
61
642
528
877
314
633
312
506
625
886
432
925
891
466
351
832
175
150
346
267
464
651
975
129
531
876
432
777
906
523
199
746
207
280
903
615
389
692
596
292
812
355
369
351
629
254
201
246
625
246
38
137
765
231
582
217
960
433
405
715
751
562
215
377
300
647
811
897
317
31
79
328
275
501
649
72
119
105
873
808
364
879
904
442
883
671
331
805
255
301
120
1000
49
433
255
915
103
917
975
813
311
676
802
1
990
669
840
550
234
133
100
548
554
661
15
919
473
601
902
949
234
414
569
328
851
372
187
520
38
304
196
502
644
979
672
703
263
122
541
840
309
309
957
16
638
316
504
708
927
329
433
422
86
201
555
489
443
541
124
335
134
542
80
713
641
687
236
10
263
447
747
22
274
787
337
265
55
476
765
544
291
595
30
495
694
382
70
624
129
172
158
845
608
104
580
438
872
968
754
823
340
709
810
799
661
717
12
115
568
929
446
45
192
762
679
497
202
524
596
892
944
505
708
105
331
483
79
438
159
819
846
425
723
842
892
912
891
10
573
692
619
780
342
424
260
490
216
386
865
953
871
977
790
957
588
336
21
851
797
72
675
730
705
373
116
61
129
883
337
154
824
733
244
207
716
749
239
647
78
103
366
743
547
477
212
808
15
389
809
677
381
35
848
189
111
95
736
334
2
522
60
728
409
779
14
362
300
67
212
17
918
458
507
985
189
308
976
41
246
890
928
853
251
111
920
162
825
284
396
93
511
445
830
122
436
804
921
61
252
707
456
623
747
991
921
530
729
127
854
905
896
265
990
320
97
456
907
660
245
566
571
539
199
156
157
668
311
940
568
835
274
66
746
900
991
528
654
667
482
757
649
680
247
199
838
513
973
165
138
420
969
479
138
549
625
672
357
264
502
623
902
734
12
733
598
499
844
107
749
790
520
981
836
523
630
704
846
904
339
968
901
895
364
426
207
420
300
206
902
547
713
597
19
248
80
702
380
866
817
860
542
534
253
646
249
489
399
400
781
545
369
489
544
815
981
955
428
940
123
270
799
92
256
70
765
631
422
922
623
812
952
162
351
1000
119
597
794
804
666
925
706
85
521
332
372
158
426
737
763
127
191
494
518
29
97
899
209
483
613
870
235
20
994
43
316
396
84
133
478
526
300
51
271
849
372
807
335
372
6
282
976
516
532
45
785
158
223
574
734
235
464
366
8
413
818
401
887
668
99
829
995
543
325
362
112
627
359
145
414
822
160
142
39
783
784
161
299
323
852
285
400
314
915
499
600
677
908
792
584
387
678
700
480
797
277
928
82
338
677
951
603
360
440
88
607
120
827
683
99
148
697
598
423
36
975
168
275
476
245
602
138
552
560
265
133
679
591
729
914
545
778
917
369
324
845
639
914
494
258
360
895
916
902
57
493
212
834
962
393
907
664
485
176
403
163
374
938
636
645
43
306
698
812
799
986
742
155
422
296
944
904
164
85
484
520
120
824
107
415
348
347
785
20
768
22
194
346
925
717
690
544
583
209
81
786
90
358
628
406
178
221
37
288
323
238
380
621
441
411
618
284
257
900
59
213
642
976
603
605
742
214
200
278
517
419
247
579
176
69
278
582
865
671
55
824
34
714
5
383
681
149
812
589
428
89
734
661
779
284
890
661
487
688
980
897
479
33
365
405
36
372
596
201
926
928
307
397
496
336
739
974
659
788
696
227
855
853
662
846
301
321
789
338
39
375
812
173
86
502
901
490
988
451
311
661
549
708
270
413
168
537
965
553
472
694
655
165
782
653
263
360
455
412
233
688
450
270
471
259
820
537
156
455
217
230
681
715
37
690
646
992
103
488
635
290
691
342
420
346
884
253
654
292
973
923
191
890
983
276
69
761
812
639
536
614
956
435
840
539
428
953
26
174
700
551
277
383
724
681
304
722
120
94
368
840
20
461
507
911
549
125
28
938
668
969
505
333
784
726
286
602
566
779
898
438
625
247
114
673
200
876
160
616
158
839
127
814
293
1000
4
511
885
441
628
859
806
210
367
742
417
967
4
30
184
839
564
387
901
181
98
550
996
78
562
317
900
257
487
381
247
958
792
705
651
18
45
549
832
294
114
987
544
875
662
391
409
575
584
785
916
384
641
362
71
665
869
299
366
182
253
138
206
959
611
104
350
122
135
331
856
949
454
630
996
121
600
502
124
315
839
305
322
983
368
183
972
302
259
286
442
550
629
744
422
924
129
161
687
666
741
331
686
223
115
646
760
639
637
550
210
371
312
469
183
906
882
741
769
88
101
782
904
750
227
776
107
159
789
838
420
158
762
243
591
412
978
561
151
749
347
618
591
911
938
410
322
467
280
781
676
622
827
58
975
701
445
309
671
413
229
791
914
547
450
171
652
796
370
702
281
680
10
590
216
7
841
242
845
942
537
43
958
440
103
12
967
461
705
31
226
215
194
58
979
420
551
105
878
162
362
760
592
743
761
880
3
348
527
359
282
285
24
562
366
799
558
455
561
450
180
92
537
963
530
617
439
841
411
871
713
526
79
227
114
507
275
602
476
179
6
493
642
253
802
87
903
458
707
430
863
560
275
464
384
763
475
647
857
775
79
511
428
622
500
792
900
384
611
655
698
757
867
396
870
791
266
710
750
480
94
552
217
133
335
228
288
165
953
774
837
