200
1140
178
814
50
475
646
566
596
279
196
482
761
894
568
836
664
449
118
343
409
108
125
725
981
590
516
774
35
252
48
65
155
775
755
250
753
472
487
346
864
794
932
664
965
74
456
710
104
792
718
804
81
834
449
766
727
40
158
813
372
49
92
539
245
99
502
919
526
520
63
207
619
149
212
409
114
261
532
960
433
863
243
429
201
213
997
451
332
566
616
77
764
343
331
696
426
703
936
76
586
933
195
14
93
25
578
553
302
359
926
804
933
4
40
412
447
710
122
658
903
510
700
179
297
461
77
883
59
186
899
3
344
859
594
587
723
859
697
8
239
677
988
87
490
395
523
627
821
998
387
935
125
852
667
331
490
298
750
607
555
608
493
681
357
197
167
777
317
568
461
802
823
194
939
383
859
148
45
554
705
377
370
656
562
166
504
103
516
484
170
708
497
466
219
756
115
158
122
452
904
848
781
633
972
285
380
998
836
225
624
686
780
477
840
746
259
373
184
363
171
833
716
541
841
232
135
619
922
565
895
144
71
202
386
322
548
600
631
105
374
206
250
59
291
911
862
977
125
405
498
782
681
291
468
792
311
476
784
451
608
578
503
625
298
636
570
750
968
281
343
863
209
363
926
630
483
864
363
418
821
991
165
677
7
602
834
870
869
546
885
475
225
12
46
613
666
443
474
97
526
67
475
852
371
95
174
175
451
243
497
450
188
750
83
455
458
227
411
452
578
90
24
153
70
633
901
569
721
787
50
835
346
278
438
934
172
366
564
935
113
197
530
767
531
175
542
263
908
40
88
174
905
687
750
709
96
650
501
274
843
803
921
182
567
876
598
103
149
831
334
556
141
565
918
670
826
854
787
279
863
25
111
985
498
744
160
221
792
26
305
978
689
28
962
8
716
379
297
812
167
596
130
779
56
983
626
761
762
211
366
549
469
989
913
257
59
345
724
576
671
921
810
305
467
922
980
525
561
665
658
800
266
169
118
191
251
500
155
832
598
79
831
964
25
966
100
994
589
391
364
63
322
187
24
402
299
831
972
470
943
604
240
499
682
972
899
214
853
86
126
443
808
719
873
971
5
564
35
790
674
428
505
383
147
43
214
312
297
247
787
704
741
395
984
753
793
524
314
364
912
279
36
521
539
138
215
392
360
635
596
304
115
732
744
87
982
573
623
886
325
57
887
210
983
207
843
888
118
267
381
661
745
763
579
344
810
13
940
517
982
259
424
679
375
756
936
149
258
730
523
946
201
646
28
61
790
770
6
170
460
369
705
245
559
974
607
948
991
383
644
333
816
696
111
258
391
723
49
891
278
696
288
154
414
759
78
334
310
3
505
947
192
258
365
763
959
362
714
914
385
595
811
103
215
985
794
50
359
402
452
42
440
62
712
18
146
359
581
422
302
38
115
466
973
868
983
837
657
436
970
308
446
289
443
258
840
921
611
728
526
783
612
709
905
624
31
222
601
101
563
177
226
940
716
381
458
943
440
578
684
864
290
903
294
26
519
112
269
415
975
326
982
57
399
248
319
246
773
230
453
16
19
165
300
874
479
57
833
101
5
430
860
746
327
523
305
437
196
217
849
571
18
441
191
999
291
456
924
369
618
719
377
97
725
965
830
229
752
566
19
616
177
38
633
460
171
684
891
236
191
579
46
529
102
923
393
970
523
774
453
96
682
591
719
852
386
185
538
522
364
753
662
576
585
666
427
997
57
537
435
764
954
891
176
689
181
694
863
738
375
226
88
237
481
593
558
640
414
374
140
530
73
41
213
955
773
853
724
889
885
985
366
280
632
495
107
5
799
654
958
7
