300
1398
869
824
173
272
895
210
374
192
859
950
755
126
677
715
118
668
967
655
368
165
827
639
751
952
853
786
249
649
474
732
450
598
294
98
721
926
923
267
476
345
120
873
790
344
226
476
127
656
310
755
922
639
957
125
47
348
425
117
852
946
215
381
903
488
748
808
596
315
214
507
386
640
529
551
443
531
167
472
972
465
111
773
686
29
12
568
628
39
335
224
99
583
859
825
164
676
659
28
57
936
206
308
724
1
759
496
586
599
698
264
942
976
243
139
326
705
896
946
714
857
831
493
604
37
346
984
854
21
786
320
818
468
984
345
977
234
196
130
42
995
179
264
601
392
617
79
244
928
690
318
210
815
914
914
262
405
80
138
42
981
16
367
512
909
453
788
419
350
223
543
791
274
373
399
506
126
499
919
24
549
807
873
425
808
425
290
712
517
617
670
83
78
358
680
87
575
897
189
487
538
943
393
857
127
853
940
439
14
486
628
130
175
533
931
316
162
659
834
344
714
393
123
357
960
272
23
241
589
417
679
177
66
328
141
462
820
247
733
263
385
118
179
260
93
425
420
478
726
897
118
320
131
260
126
360
88
70
148
825
955
391
516
374
993
355
418
947
682
614
684
873
394
84
879
152
635
702
519
130
340
189
910
450
656
859
678
450
222
724
220
120
937
411
591
967
267
784
448
599
512
572
14
195
48
466
857
772
626
838
75
282
694
155
670
379
904
54
633
908
733
859
619
434
217
400
640
408
753
143
913
479
996
954
506
469
144
401
605
5
737
577
926
80
110
260
901
167
992
701
505
117
803
132
904
813
519
30
852
222
563
728
362
313
876
704
477
960
59
626
62
758
740
278
344
712
616
657
887
147
569
824
662
300
555
230
261
734
900
791
224
328
61
462
486
253
108
831
142
536
789
773
284
321
618
235
590
400
244
611
694
523
956
448
783
567
213
764
683
665
556
678
977
606
570
351
480
902
100
58
561
845
198
790
304
45
79
423
921
534
890
270
870
78
7
901
238
768
841
715
663
566
16
517
807
136
687
720
320
832
792
694
5
857
686
945
513
640
435
389
248
381
528
331
620
426
44
101
136
29
553
462
618
903
678
844
640
285
125
215
827
310
891
955
827
263
983
763
749
749
850
636
917
964
875
791
954
95
422
849
284
2
82
961
311
836
279
678
149
340
809
457
610
924
349
797
307
264
967
691
2
985
721
878
337
880
267
737
405
943
519
512
183
566
417
275
954
462
11
129
554
218
708
430
488
911
981
586
340
849
568
877
270
936
791
233
860
853
172
518
895
387
25
5
778
668
758
401
257
880
883
113
801
946
134
481
500
57
236
506
326
998
206
690
333
390
1
573
788
655
39
81
964
857
227
727
762
980
656
847
988
867
229
100
336
438
225
123
688
273
120
972
1000
242
697
447
63
91
54
750
14
220
487
996
36
95
107
529
387
716
87
512
653
412
350
949
726
2
227
133
698
473
532
937
112
805
812
173
429
679
874
478
610
394
14
129
120
880
191
423
460
13
808
811
726
594
961
126
147
215
673
188
971
502
371
275
737
213
82
413
447
50
12
259
426
627
417
199
851
706
27
295
681
170
551
923
533
665
576
885
789
767
956
126
777
794
38
709
652
632
101
429
101
170
436
824
579
687
114
956
715
381
493
687
348
358
865
434
878
856
212
731
177
420
25
669
613
605
446
983
552
948
287
102
400
25
545
557
622
122
86
677
902
947
957
659
875
995
61
195
213
946
865
901
342
10
924
568
780
817
160
453
235
788
83
727
469
92
880
713
961
432
108
976
855
760
476
162
237
837
79
120
962
111
582
867
89
411
648
100
136
296
861
536
751
65
109
779
448
809
784
438
41
669
411
984
494
506
832
14
106
378
494
202
842
842
112
57
50
618
247
895
946
921
958
49
688
556
797
382
603
898
859
582
776
96
142
642
544
854
370
908
361
450
363
336
786
458
388
545
864
974
104
23
776
101
147
259
585
150
444
894
323
511
851
3
319
933
262
306
463
202
720
360
100
792
39
923
503
778
483
913
967
585
287
891
359
489
728
150
105
520
354
98
731
510
124
665
284
97
511
62
687
118
188
285
179
110
939
706
118
520
379
7
47
964
761
739
988
466
81
298
536
410
196
794
206
494
16
662
898
380
330
440
449
760
902
724
957
69
66
53
227
695
491
445
847
94
864
260
733
663
671
833
591
775
551
393
966
753
658
496
368
940
746
895
756
384
144
47
291
207
882
572
727
957
244
465
963
292
683
361
464
904
869
739
62
647
492
429
563
948
554
877
836
282
965
120
134
455
668
57
174
18
87
665
718
912
850
356
372
54
129
979
329
683
575
200
933
49
284
197
742
829
727
250
819
319
928
223
84
398
59
329
491
306
289
163
576
385
849
877
569
778
445
719
669
970
452
505
582
54
890
774
186
339
795
231
304
115
945
40
406
192
64
500
144
718
977
196
342
502
792
491
816
70
346
714
777
70
998
247
374
425
772
539
400
885
51
419
49
902
941
790
693
505
40
249
953
992
853
124
386
780
840
248
851
22
363
534
292
940
955
260
554
213
333
798
862
310
550
549
641
647
995
113
53
163
96
491
347
580
486
679
463
284
137
55
583
578
891
503
574
545
794
615
191
178
822
16
678
758
310
372
996
109
385
30
742
857
172
426
465
546
970
266
353
168
997
700
979
195
106
6
812
623
217
999
884
419
673
