400
2445
568
52
381
460
53
660
402
258
5
557
956
68
378
412
845
253
740
558
79
826
171
172
975
724
396
983
142
371
744
753
168
400
574
89
855
575
463
808
324
306
964
554
528
929
327
717
477
123
938
196
278
335
988
641
153
189
575
653
360
912
675
697
625
483
185
979
553
772
426
386
478
244
960
586
679
599
161
923
855
205
327
744
661
498
43
1000
274
820
799
978
800
983
296
994
588
174
820
225
392
884
455
549
514
402
220
350
812
153
239
195
684
120
280
528
103
153
539
48
798
172
733
880
845
26
715
8
299
630
524
879
461
633
380
29
529
745
150
880
380
540
206
248
537
581
516
181
963
684
423
50
843
231
39
993
789
168
691
190
109
129
129
559
315
996
132
758
564
662
42
692
323
711
57
478
774
642
138
472
369
324
620
672
470
994
793
134
34
636
505
594
499
731
264
319
330
202
971
343
784
284
815
191
354
785
162
870
96
616
739
237
944
412
87
764
741
186
995
979
606
46
195
963
48
813
662
30
619
263
404
251
821
617
320
918
488
401
470
745
65
814
952
466
428
303
332
109
809
516
11
954
169
390
495
814
162
39
213
53
886
996
791
516
226
775
755
370
384
29
251
459
265
659
594
933
228
304
387
836
27
979
648
944
667
192
548
471
686
275
460
911
890
573
349
858
51
248
873
572
566
781
824
971
959
192
418
419
633
325
38
313
492
897
851
926
434
355
566
895
184
300
560
51
490
117
525
193
751
82
893
659
293
13
376
83
675
880
212
482
241
217
859
999
940
846
536
140
75
963
558
554
272
624
439
62
220
150
929
358
100
185
924
632
916
89
103
761
398
862
422
492
649
721
290
877
369
855
539
287
888
295
796
378
563
489
211
344
881
368
915
847
264
444
198
962
452
227
943
419
972
863
731
132
418
376
815
791
540
100
275
866
263
681
366
732
540
119
126
319
786
888
126
807
652
676
204
198
458
3
345
9
221
769
92
297
96
471
364
744
144
724
819
266
160
232
448
630
233
655
585
707
766
982
429
480
577
342
828
495
949
815
578
442
239
882
463
212
979
785
486
668
830
986
38
2
283
937
859
232
920
367
121
626
383
514
675
62
940
262
335
678
661
311
633
575
940
132
691
828
154
769
242
163
843
119
167
646
897
528
673
208
874
576
37
804
758
339
762
274
779
274
875
809
71
916
928
242
831
38
928
54
790
400
857
763
150
186
796
606
606
464
554
592
149
420
549
842
650
982
840
882
199
437
343
868
708
244
937
907
616
420
518
982
407
88
266
54
538
863
641
618
627
491
185
406
905
293
280
43
638
952
805
521
919
853
36
157
916
936
980
602
643
304
975
701
5
120
489
688
627
200
787
113
122
66
229
473
319
220
982
864
346
740
844
867
423
610
779
956
875
86
68
247
214
386
965
396
189
730
141
562
272
159
863
371
308
820
291
941
281
185
754
334
13
709
550
129
145
609
82
641
160
856
448
271
319
973
862
582
226
815
798
87
273
855
479
507
690
704
321
649
813
651
764
609
134
738
658
672
308
721
865
98
482
156
116
376
673
962
153
594
630
330
383
751
758
622
443
929
885
835
198
452
760
238
827
917
9
229
203
747
707
121
854
17
191
71
496
445
30
645
965
623
605
542
950
941
82
274
362
189
855
24
325
425
372
836
437
755
940
910
660
331
307
385
259
592
77
140
495
645
448
819
229
293
276
816
612
590
931
691
717
68
901
438
38
756
274
943
171
878
78
827
279
2
679
293
836
609
885
11
560
700
287
910
73
191
788
770
276
188
842
638
667
229
802
990
497
983
942
698
692
947
494
471
51
859
308
119
721
737
166
901
601
235
80
695
948
205
669
486
675
648
623
639
731
873
73
281
376
220
676
771
352
216
698
506
173
760
832
196
727
572
281
811
46
862
201
121
859
959
496
642
377
812
728
490
407
136
967
17
475
37
605
267
270
930
239
854
247
640
442
610
122
494
600
542
992
7
454
876
154
317
372
383
949
305
112
504
347
5
470
362
678
443
54
593
710
828
947
831
160
526
320
758
969
929
129
475
174
673
91
249
217
572
307
311
207
422
162
391
69
662
656
181
932
874
887
237
603
597
977
450
516
948
628
590
952
436
771
710
175
783
942
342
82
728
359
175
954
632
159
951
687
979
675
516
609
886
135
92
693
148
917
151
122
782
591
722
482
96
896
312
559
803
486
162
625
566
158
455
521
394
176
84
736
965
146
811
613
641
198
798
611
231
984
891
30
400
17
869
316
105
15
476
903
252
912
307
782
544
446
903
502
370
466
912
286
775
193
553
91
522
360
864
64
47
171
610
628
966
243
796
652
247
143
158
874
103
471
533
513
986
25
223
648
562
545
959
322
430
163
844
928
677
747
177
312
963
844
873
470
286
674
177
380
930
456
700
585
256
43
74
922
361
328
525
431
786
818
148
832
317
746
540
640
649
253
293
815
395
439
916
951
814
689
687
229
46
123
341
888
269
703
443
934
948
16
81
425
348
946
304
142
492
862
950
486
342
128
61
783
898
893
78
736
328
676
239
755
675
421
496
302
742
644
344
776
32
876
649
663
508
379
954
513
754
304
390
149
432
154
581
725
30
621
447
549
800
680
268
750
388
350
777
171
962
600
99
985
104
588
651
504
433
981
521
785
892
712
580
716
188
543
621
55
279
112
707
613
390
272
906
671
572
842
86
251
970
8
848
687
586
355
382
38
843
451
356
42
602
386
561
682
221
473
434
586
568
260
427
4
103
143
692
146
319
857
995
148
594
752
76
7
641
948
22
40
308
377
496
83
419
931
462
479
845
840
665
162
363
990
431
672
863
299
704
517
489
225
172
989
207
278
348
482
142
924
734
130
463
572
311
73
135
20
43
504
776
826
157
955
579
752
332
465
575
632
882
705
379
314
275
953
482
457
809
474
120
292
102
768
436
854
513
987
46
966
520
400
710
992
450
313
444
10
192
724
927
724
577
1000
170
629
341
711
493
704
412
842
238
957
49
393
740
395
316
561
784
62
88
287
227
663
289
527
809
276
134
128
191
901
536
688
119
124
608
627
389
420
223
508
166
770
453
890
148
97
922
704
577
12
837
509
413
319
153
52
604
546
922
676
983
516
58
477
939
520
376
418
795
573
589
910
237
18
270
634
438
24
380
294
333
65
435
375
801
12
177
159
713
702
916
283
767
268
998
495
13
819
464
245
324
57
479
160
46
375
873
504
276
40
750
10
982
511
771
130
381
690
76
516
555
353
941
399
195
948
50
640
834
931
176
784
418
349
26
48
642
614
757
294
728
932
421
983
709
484
878
924
415
70
924
733
871
399
498
169
302
176
516
430
897
950
909
36
422
859
377
541
342
329
681
546
806
754
255
477
376
579
513
236
172
501
558
309
320
199
788
884
792
943
543
529
955
273
673
572
617
452
786
703
281
698
623
4
491
891
479
44
854
93
666
39
993
881
782
816
14
11
184
908
557
631
692
831
221
481
528
819
81
419
192
684
814
92
124
195
663
36
934
50
567
155
14
27
548
153
82
612
53
999
259
945
728
370
201
939
503
403
371
28
62
964
325
331
785
625
971
473
861
215
259
503
313
567
711
395
709
922
842
