50
426
582
585
974
103
253
143
557
712
53
553
77
943
879
637
397
195
102
12
809
872
718
926
921
611
271
763
345
649
796
715
567
807
883
923
976
215
544
537
649
772
134
601
273
981
877
231
452
585
875
614
710
817
348
517
142
344
722
641
160
494
576
841
698
773
775
952
652
368
82
774
708
202
735
608
206
466
125
980
390
676
236
629
682
135
441
369
460
742
588
76
483
289
97
300
538
445
33
700
947
185
525
486
969
369
621
489
856
645
283
650
683
37
873
747
222
456
253
238
119
578
307
66
242
144
264
987
20
527
690
545
709
33
42
640
122
983
488
586
962
302
546
303
221
241
833
816
370
699
26
138
466
457
440
284
270
505
622
641
377
572
20
523
643
583
353
552
21
886
112
737
691
261
489
162
427
435
659
504
180
24
660
530
810
745
836
97
580
889
350
362
416
402
346
161
459
489
643
832
385
232
