500
1812
194
63
849
53
245
182
217
108
443
349
471
580
199
324
182
36
26
787
512
13
771
302
35
649
219
481
355
774
831
853
561
801
702
24
954
403
884
490
287
895
852
304
13
478
979
46
395
556
517
33
323
240
188
298
521
402
296
282
230
836
930
868
540
491
153
849
676
419
793
578
428
766
529
417
492
36
170
689
590
837
255
730
120
974
504
479
579
167
463
967
5
880
629
36
649
367
513
372
701
213
268
715
857
476
99
563
311
841
638
394
964
176
598
925
31
666
215
895
226
414
798
814
211
206
378
428
176
880
903
767
189
192
833
376
64
705
141
83
859
786
51
569
243
511
454
957
581
545
325
341
731
297
17
771
861
374
621
246
403
746
130
467
585
410
515
906
847
91
43
837
568
357
239
144
685
953
162
298
513
39
979
760
54
354
718
738
136
842
328
165
296
547
281
977
622
176
508
636
303
470
753
822
266
763
231
90
765
420
940
622
191
473
303
217
903
99
825
548
412
710
887
174
952
147
322
505
412
217
247
847
629
643
795
275
661
534
770
398
507
755
637
560
104
592
623
334
657
356
731
29
311
237
877
167
821
796
244
735
964
162
637
481
889
959
363
70
236
20
243
815
473
843
403
620
959
16
632
953
765
860
532
169
620
346
550
254
221
341
930
935
757
829
179
252
120
508
308
521
381
301
22
780
561
376
891
182
976
843
531
844
630
696
688
911
128
358
690
203
187
362
878
882
931
415
711
757
83
209
21
274
564
692
481
562
876
291
603
936
152
326
999
384
959
805
361
808
38
436
678
299
523
826
321
824
508
630
678
960
810
934
75
628
967
687
671
795
801
542
818
859
235
691
133
926
544
876
373
946
481
908
118
140
509
263
737
758
602
275
424
751
43
932
24
542
638
207
94
393
941
871
849
441
392
377
367
631
931
461
211
996
982
236
169
506
755
848
203
609
102
879
783
484
458
200
970
115
755
849
983
195
632
859
131
167
215
154
911
440
239
406
608
245
967
902
795
376
58
36
69
70
967
881
739
270
669
8
696
714
683
565
721
754
790
569
433
49
646
547
519
691
25
937
536
511
392
194
226
985
741
453
392
355
182
852
137
401
35
771
251
310
924
664
671
978
164
951
935
717
220
150
796
805
529
885
604
117
744
171
367
388
608
466
216
693
164
216
73
229
547
797
288
617
469
230
707
392
239
882
692
332
67
988
307
699
125
950
919
346
783
530
220
506
205
547
343
357
277
450
957
789
204
761
564
604
475
759
522
458
295
85
355
979
885
909
445
394
467
374
769
413
1000
750
868
953
830
811
491
378
475
894
623
368
641
94
930
802
674
904
255
438
628
589
591
84
580
758
164
185
190
940
68
890
889
252
731
833
112
205
499
928
174
241
634
888
921
442
934
680
846
980
97
725
9
862
819
642
636
391
799
39
716
647
892
361
76
501
360
548
514
782
968
708
708
257
983
658
237
950
727
462
92
321
827
194
472
187
24
523
150
372
140
694
231
352
691
119
741
435
47
192
496
664
891
266
479
573
458
354
426
976
87
616
677
707
670
691
847
179
112
711
452
987
437
459
133
580
91
163
813
952
649
379
82
991
19
310
940
486
279
113
936
806
346
203
650
416
613
342
116
902
972
756
310
217
408
752
352
755
818
426
719
440
757
478
27
604
799
863
649
929
538
929
214
766
16
757
501
281
681
756
278
96
608
930
913
501
78
376
331
50
826
643
76
73
758
839
503
502
846
310
167
348
921
795
756
400
427
252
285
82
950
765
101
592
192
40
404
943
315
103
379
120
57
882
970
450
574
358
123
880
852
187
863
812
208
209
88
677
431
235
784
795
291
655
826
241
953
446
801
992
228
743
698
714
254
544
987
901
484
282
768
745
152
384
870
61
651
88
741
859
599
539
209
970
164
394
570
243
419
862
575
558
623
714
287
994
68
971
366
424
258
663
490
477
493
227
636
248
640
560
940
444
895
82
532
770
873
288
67
795
740
37
649
603
221
3
801
359
159
286
410
68
284
630
580
433
669
573
176
999
297
211
302
134
865
550
31
182
390
16
526
758
740
917
766
169
846
148
42
68
110
353
715
790
70
216
565
927
89
784
944
403
216
373
43
258
694
203
237
351
606
123
883
21
918
728
539
789
959
708
398
722
356
719
89
939
959
115
905
778
177
432
969
750
253
661
167
346
206
700
507
237
120
369
463
105
326
521
445
172
481
618
645
538
834
762
454
598
653
220
516
645
653
744
613
368
707
567
206
518
396
401
800
728
821
986
138
719
775
944
864
916
463
421
707
683
919
509
471
975
295
76
164
600
178
792
245
735
524
303
95
893
248
564
136
334
242
195
9
991
758
728
80
642
585
684
550
987
460
671
217
14
21
599
952
193
151
769
172
749
660
36
872
710
751
108
878
983
347
408
497
399
234
180
641
884
221
489
251
834
569
448
501
643
236
300
73
481
587
99
966
276
446
767
565
114
385
572
915
198
143
642
683
762
621
40
819
744
722
660
327
229
895
506
950
423
391
36
823
948
610
121
132
629
667
297
694
915
685
646
265
86
106
277
731
796
958
685
870
274
644
549
289
86
133
456
134
558
540
304
114
495
38
465
126
324
326
482
840
485
561
751
517
953
536
785
584
319
377
921
240
610
857
928
553
962
602
324
923
548
866
64
467
514
769
886
539
71
595
741
479
679
221
199
483
44
202
303
161
638
402
244
888
625
646
368
61
656
230
978
740
115
626
750
661
293
991
580
210
998
925
199
916
623
750
489
370
113
951
237
440
140
410
211
689
183
220
683
322
774
430
681
263
762
398
708
498
27
510
713
446
132
588
456
577
989
159
789
82
70
435
564
269
580
464
765
501
957
370
124
383
232
444
932
73
650
61
253
556
277
104
501
930
445
75
491
757
520
152
662
278
151
547
594
496
794
936
17
351
395
842
437
528
28
917
898
168
260
86
920
810
752
219
11
584
664
495
300
384
489
982
688
830
181
65
673
595
767
166
786
328
297
4
331
397
436
225
50
380
945
347
151
616
953
897
962
72
321
759
282
557
65
236
259
532
163
738
62
905
473
569
742
266
585
599
530
87
114
403
686
85
710
261
419
875
597
560
725
432
672
958
151
512
398
426
534
120
277
203
541
658
233
878
914
732
831
401
589
948
110
729
501
132
367
10
993
366
828
781
869
152
51
136
851
420
712
667
548
713
365
267
533
716
603
91
593
106
521
916
550
535
80
38
486
234
207
292
238
245
327
69
695
356
135
597
164
665
313
799
177
278
359
170
776
740
289
837
723
737
722
617
486
887
533
66
993
733
488
648
462
86
924
682
354
180
613
710
874
912
583
382
190
756
860
871
136
403
728
330
992
331
216
789
155
199
301
487
643
606
482
792
351
320
585
85
524
975
87
596
845
272
900
754
14
435
899
154
252
139
400
331
855
367
166
786
864
378
851
197
415
403
799
312
32
50
770
239
96
905
921
540
927
229
903
520
935
639
613
109
622
13
760
192
903
504
896
831
305
145
636
799
487
751
940
978
108
486
576
224
633
142
13
609
74
335
86
750
658
208
208
535
828
944
457
495
89
876
604
701
192
776
371
286
985
410
182
121
599
369
608
857
952
46
440
812
92
955
338
443
853
403
284
978
112
724
177
642
581
914
863
163
547
893
677
414
980
98
517
208
812
213
104
84
44
237
898
591
258
328
893
860
928
755
347
484
550
379
11
11
173
511
114
358
640
303
368
122
671
726
578
473
662
440
464
611
556
923
126
886
269
79
556
643
324
160
171
364
730
998
848
823
48
478
206
112
650
938
128
310
110
706
851
480
59
427
692
602
648
49
327
805
255
340
618
611
864
472
458
458
450
370
680
535
987
748
386
385
765
418
93
66
731
991
563
357
726
55
990
790
783
132
898
459
205
890
163
359
340
503
632
301
598
230
987
460
606
654
530
71
712
159
582
593
66
960
181
370
903
728
59
33
601
655
404
879
598
581
923
606
732
6
783
77
611
17
866
955
368
486
647
634
11
346
98
274
105
958
475
392
518
823
137
673
756
678
1
751
571
591
608
848
680
157
958
680
484
221
363
328
713
253
917
657
103
303
665
749
651
292
155
296
467
863
451
246
255
207
207
174
179
304
186
315
551
836
351
873
682
488
673
876
64
93
428
803
678
35
822
166
664
845
468
302
831
987
601
515
411
528
345
917
646
458
923
216
935
998
518
508
402
248
795
601
76
42
435
437
891
764
477
315
288
236
899
230
107
152
134
30
108
878
143
899
52
376
203
836
597
811
915
945
535
255
96
515
249
621
812
502
265
720
885
740
266
628
8
817
113
163
782
415
909
277
254
400
502
237
526
372
198
330
106
37
660
224
247
463
79
425
491
920
967
990
604
793
16
360
185
483
141
346
654
226
354
69
149
78
444
255
361
844
819
572
787
675
699
631
417
124
941
818
1
378
307
589
861
724
578
293
128
52
214
721
140
184
432
35
286
739
232
777
419
760
45
779
218
849
815
306
195
