600
2091
470
618
725
779
153
902
759
113
939
817
2
968
416
748
353
940
834
35
124
290
699
787
592
725
543
739
225
388
761
4
340
913
687
748
475
557
497
872
969
169
548
793
193
384
337
967
334
6
649
925
628
873
928
355
436
396
605
277
324
729
763
495
129
305
168
50
849
522
504
812
884
232
325
88
119
247
998
169
848
745
568
965
937
283
125
914
898
778
736
84
55
294
603
892
740
446
91
125
599
572
800
965
180
32
928
575
801
678
623
361
486
165
388
456
549
806
45
819
983
878
616
720
491
896
985
631
732
550
970
175
655
385
65
809
893
640
262
487
994
20
579
657
118
952
824
392
447
181
677
736
599
727
850
65
95
253
52
597
63
85
322
448
330
858
621
877
454
312
193
591
894
416
685
328
703
58
853
669
993
234
398
533
210
583
977
128
640
313
572
298
676
267
586
596
839
969
155
661
959
611
828
61
737
932
60
513
582
194
843
45
670
699
809
197
952
758
859
888
575
581
747
866
23
156
180
278
376
613
489
665
244
741
75
953
915
387
204
301
463
598
744
490
464
981
81
800
435
931
253
500
957
52
606
322
173
989
202
136
316
335
232
976
288
598
761
943
952
772
958
185
261
614
599
486
456
620
704
966
250
707
301
739
952
485
502
519
668
169
202
534
247
725
60
435
905
958
581
737
207
964
395
848
724
49
247
532
569
831
638
421
309
677
915
999
984
292
335
859
832
824
152
575
115
276
660
291
562
984
469
321
808
549
961
105
568
575
332
959
278
320
577
454
763
614
133
941
57
864
723
997
774
392
594
433
933
658
461
555
526
556
971
557
349
149
877
845
195
183
287
863
946
911
172
855
104
27
673
189
225
34
417
96
785
822
261
954
383
167
167
430
37
944
342
678
977
669
39
374
97
945
608
897
16
337
88
92
215
375
637
813
737
457
247
131
273
674
804
311
61
148
969
257
749
540
552
884
378
716
845
909
993
179
508
68
193
939
789
714
80
114
701
549
583
469
476
381
845
133
792
300
75
972
214
326
131
634
322
756
535
320
365
853
72
324
340
365
996
326
850
859
510
676
882
519
644
468
615
689
285
633
135
721
844
222
15
938
357
993
150
797
85
890
690
523
667
605
310
484
663
63
547
187
445
516
59
837
105
406
636
582
464
921
434
910
892
482
723
109
817
974
552
576
305
231
198
272
366
901
499
414
667
945
768
187
869
950
455
913
515
140
40
858
170
159
996
522
420
575
14
980
430
737
652
606
455
775
67
939
600
266
636
790
458
208
443
438
959
728
271
765
899
583
610
823
692
493
526
731
264
477
278
721
912
133
756
55
59
257
192
257
599
790
850
364
492
606
629
337
744
876
304
421
590
995
697
905
283
24
411
830
171
532
781
946
107
597
650
518
990
600
169
278
525
924
434
547
420
320
645
243
443
4
737
576
952
754
943
768
18
215
638
991
795
376
648
941
159
738
51
420
981
284
126
121
397
876
658
986
111
661
9
682
509
802
47
218
612
354
734
216
669
913
891
310
870
109
640
561
380
906
317
968
847
531
784
846
119
461
464
707
296
13
767
755
316
145
342
194
25
57
471
39
470
642
248
89
913
894
883
320
3
845
964
717
723
33
435
347
571
129
435
194
284
22
601
41
121
452
906
702
816
116
296
381
651
52
61
651
317
208
99
105
785
436
803
756
489
673
390
806
912
970
342
609
689
221
81
483
629
936
994
818
799
380
471
975
219
635
760
610
698
254
624
984
962
680
623
289
313
304
85
659
456
564
453
479
502
293
324
421
149
976
758
883
748
356
318
77
447
41
437
328
464
620
522
715
983
578
524
94
971
557
775
765
544
207
180
542
434
672
54
577
310
109
147
127
450
731
658
84
522
250
379
544
476
777
709
509
814
687
687
855
865
621
125
627
616
736
182
477
790
114
732
773
541
510
984
961
545
280
329
77
563
778
457
16
280
770
143
764
696
759
991
249
130
926
407
904
849
622
547
971
268
962
320
137
719
241
734
837
264
960
569
272
178
499
442
950
848
25
633
240
512
145
189
418
30
108
772
343
931
74
307
425
722
292
403
55
417
878
721
278
746
949
498
934
41
879
335
622
301
588
749
211
16
349
580
539
854
257
677
396
319
633
987
827
168
339
309
347
326
589
943
533
663
457
854
872
539
819
578
915
268
573
304
933
517
69
917
658
971
284
197
401
184
268
104
515
101
573
347
154
133
81
859
102
76
91
430
209
469
892
61
867
917
593
179
935
843
592
70
281
961
867
259
384
37
26
862
144
196
943
524
24
210
907
834
343
626
727
970
720
871
267
339
768
531
370
544
547
994
802
967
444
410
830
609
994
616
445
716
353
528
481
31
7
35
649
76
200
800
416
708
836
948
351
138
848
438
348
24
641
310
997
74
378
610
988
554
115
308
674
672
897
893
338
731
587
554
979
982
720
398
487
388
76
201
120
481
139
870
618
981
327
754
273
926
363
761
15
44
699
386
701
170
482
471
581
409
127
660
594
541
652
530
175
127
909
535
451
279
596
382
927
638
161
943
667
247
850
78
865
23
160
764
287
312
299
212
763
292
850
175
595
521
117
319
751
833
744
901
322
162
307
511
719
217
80
379
893
83
499
905
993
874
587
22
53
821
4
556
187
117
224
536
322
970
949
251
254
335
594
610
481
916
152
800
16
755
655
666
488
507
878
854
64
92
381
716
96
940
768
750
74
338
366
250
536
896
833
800
888
495
952
568
702
115
512
643
93
655
546
491
245
112
163
952
313
458
666
543
617
898
21
551
70
335
658
514
159
373
241
406
186
626
508
147
172
807
395
563
462
190
159
125
533
593
401
555
770
1
489
344
687
977
394
958
459
640
181
991
647
510
256
945
569
818
838
964
657
595
969
824
903
146
838
394
619
718
525
914
63
407
101
36
490
210
916
919
176
71
936
904
250
193
865
432
231
940
335
556
481
325
906
729
168
7
113
255
849
511
16
430
530
543
581
48
15
158
153
457
885
243
346
570
722
895
855
916
781
899
250
835
292
81
525
471
529
452
304
956
958
679
475
315
388
678
75
543
952
603
90
345
204
983
58
614
416
998
355
193
425
176
905
658
455
106
306
57
125
599
52
125
790
316
810
996
855
312
296
218
257
522
882
202
652
964
482
886
466
714
821
611
568
448
566
728
835
395
873
450
691
247
453
397
339
573
144
33
786
866
638
625
962
588
146
885
337
522
526
208
446
178
690
728
709
696
538
160
331
625
125
594
601
135
320
665
725
133
236
291
803
257
9
597
559
568
659
327
39
900
943
521
166
93
218
6
220
958
878
173
39
67
141
813
934
311
147
9
239
258
84
424
946
289
441
515
804
354
286
462
720
869
619
310
731
773
290
446
55
905
134
622
202
414
851
123
797
856
260
927
411
25
765
429
98
601
183
437
985
15
557
604
953
923
375
137
821
784
305
154
517
418
875
342
812
766
167
212
319
502
871
84
253
400
682
34
600
456
506
496
374
429
528
121
950
951
518
65
105
828
407
959
162
209
717
469
492
830
875
381
58
976
915
861
308
501
908
642
811
635
24
63
113
406
403
517
720
309
487
130
197
456
889
281
209
1000
14
554
532
946
179
29
120
176
677
405
695
86
125
778
701
24
455
877
567
576
924
524
157
620
118
733
635
820
43
235
411
421
173
447
664
262
913
687
220
441
998
410
722
256
419
377
284
302
433
903
609
186
618
991
601
275
15
786
412
767
671
927
574
983
122
545
428
140
925
962
5
802
945
467
225
526
250
725
912
145
384
444
731
858
822
930
928
476
756
66
875
833
915
710
496
471
669
359
239
730
374
89
162
70
154
322
321
130
681
377
100
219
327
546
161
657
142
940
701
862
666
626
185
570
944
365
878
973
125
379
662
476
211
539
848
848
627
631
269
465
78
891
784
945
354
636
983
794
483
183
722
134
147
854
835
182
300
1000
671
43
953
825
274
664
824
875
252
393
144
367
829
75
801
319
722
307
221
982
547
433
701
298
586
864
637
940
558
986
137
149
69
272
211
788
651
121
136
299
879
207
665
687
646
598
590
426
118
142
385
852
930
631
600
195
465
132
35
627
362
191
91
443
296
345
230
74
880
972
756
519
216
284
506
423
836
976
627
850
622
220
179
780
297
586
393
717
65
533
735
113
568
911
578
465
850
455
338
353
742
116
27
717
677
546
400
920
454
647
819
949
966
69
265
616
875
862
922
811
887
65
960
379
636
990
297
535
453
191
22
124
232
208
450
846
668
94
412
198
117
516
250
786
798
145
287
886
956
888
553
50
669
361
852
492
241
634
203
812
971
752
474
580
573
230
607
377
141
107
912
504
584
337
827
354
892
94
810
506
456
889
81
898
578
582
201
204
548
76
227
313
40
384
147
745
382
857
559
660
826
285
14
414
378
640
277
370
883
262
147
254
556
27
804
485
95
135
688
559
920
164
800
975
705
738
689
915
903
478
872
475
218
516
191
820
591
502
873
460
712
740
627
711
396
70
316
814
951
847
373
425
276
912
431
1
19
607
584
863
642
876
922
849
872
354
612
725
370
272
84
260
255
419
128
829
340
820
423
787
304
518
14
506
214
260
923
402
139
240
494
568
713
637
868
794
332
877
422
456
500
515
613
633
856
230
753
491
400
482
867
804
968
700
358
835
423
767
432
579
537
437
854
35
369
313
709
851
78
958
499
613
619
696
310
704
52
605
670
230
318
239
182
313
674
25
165
480
751
791
244
520
622
548
716
200
982
921
497
473
387
254
273
496
322
535
869
205
42
575
416
763
868
746
94
965
811
119
687
12
401
403
559
859
725
392
621
64
69
277
484
648
887
784
51
791
947
116
520
109
475
537
748
584
306
624
415
310
150
230
552
626
815
228
531
786
175
259
260
203
925
55
509
293
800
458
621
339
678
321
128
227
69
579
180
112
165
723
394
274
230
251
810
251
804
614
982
279
693
52
743
411
727
245
373
948
176
572
958
643
598
363
399
219
889
525
952
663
653
884
339
682
844
345
47
668
849
573
566
862
522
237
540
241
277
536
379
897
23
417
37
620
62
727
603
582
109
170
606
823
924
884
492
592
604
899
74
421
182
745
958
202
388
938
455
770
834
937
46
826
135
236
49
983
71
937
235
401
25
490
785
233
149
424
151
135
458
246
628
181
780
256
688
585
837
688
52
161
61
40
862
700
746
932
241
337
880
361
942
792
671
385
187
672
685
439
121
931
469
636
160
667
873
529
827
969
230
508
942
613
881
253
401
351
358
992
865
173
204
873
838
44
22
603
268
579
850
423
197
885
963
360
642
105
404
313
996
593
491
109
568
179
280
848
828
607
390
221
281
499
63
326
535
369
2
504
317
820
742
8
853
670
706
74
971
78
630
385
717
565
84
670
584
94
148
