700
2898
222
958
323
375
547
338
272
841
21
906
345
58
827
983
420
987
997
604
123
504
335
465
910
569
344
96
621
904
243
888
521
20
394
321
185
408
599
254
857
686
500
468
76
633
652
732
530
999
180
383
743
812
251
690
808
850
475
198
940
893
502
203
648
866
479
910
121
507
63
302
417
376
903
431
114
836
698
266
200
117
260
619
389
266
173
733
685
530
534
757
135
831
649
662
456
944
619
696
986
24
952
217
423
756
198
754
281
218
989
77
877
260
637
196
83
208
476
171
397
22
512
353
57
514
304
688
633
932
299
331
800
349
402
278
772
513
504
249
232
916
901
81
92
105
223
693
298
802
703
679
933
409
779
473
565
182
994
72
615
207
84
189
689
24
763
99
498
306
67
189
67
843
181
829
85
197
182
842
355
624
209
791
183
241
853
417
86
221
407
170
889
688
899
889
39
212
9
615
593
632
564
949
21
244
803
973
430
755
764
568
298
463
269
101
167
627
240
192
866
357
691
121
57
929
998
506
329
853
693
923
176
819
991
106
726
523
245
258
463
307
89
367
336
299
19
288
337
574
806
594
529
144
170
962
870
303
876
333
819
302
94
964
10
277
782
330
89
804
206
778
399
536
30
804
425
257
138
416
249
640
338
976
983
83
295
394
820
191
343
262
450
573
47
980
859
824
53
405
909
594
69
518
416
658
944
566
68
885
65
264
172
782
307
757
466
754
160
654
384
317
398
370
295
873
958
531
482
890
203
737
592
45
144
45
949
175
847
379
721
722
830
650
537
1000
976
844
830
285
25
190
504
70
39
274
641
962
235
581
491
329
349
836
929
821
120
27
456
698
301
936
339
682
141
621
851
154
90
853
962
158
820
5
84
479
149
857
952
122
116
603
814
625
61
3
264
254
258
231
700
354
496
49
411
850
689
696
811
704
532
607
576
700
472
434
15
955
274
636
508
527
664
741
157
128
973
118
970
197
138
701
229
587
621
80
834
858
963
637
164
61
664
46
507
313
868
479
402
493
234
251
801
272
893
162
115
617
573
317
903
913
659
180
576
291
887
786
149
343
947
746
165
452
197
445
838
714
827
167
838
191
844
331
724
610
231
504
882
201
197
405
738
999
190
456
133
67
582
15
993
458
670
526
958
71
577
161
4
460
497
776
253
441
378
564
720
668
306
703
825
416
53
18
122
340
824
10
408
433
137
783
942
334
854
701
782
835
124
723
481
367
133
59
197
404
882
35
625
87
711
912
398
22
13
849
514
891
157
249
619
800
387
325
26
173
232
525
379
427
485
518
530
535
175
44
227
993
141
880
589
351
168
389
540
515
247
929
762
153
178
971
767
838
923
647
979
606
829
358
785
155
960
535
449
359
317
859
434
891
605
416
311
42
86
277
845
657
305
129
195
327
675
484
497
795
735
828
492
997
37
624
524
68
132
986
690
475
907
475
378
105
917
82
729
485
977
536
565
446
697
848
148
584
143
604
968
52
258
634
905
407
746
349
641
643
756
922
609
262
976
804
986
42
695
171
521
749
13
628
292
66
445
487
497
87
875
149
265
762
301
512
861
290
721
157
485
114
879
295
343
795
840
4
400
199
966
417
871
925
546
483
631
432
305
830
276
515
504
464
437
885
804
513
529
705
91
550
444
320
48
704
85
499
646
816
483
23
382
15
50
123
70
837
732
187
210
725
939
743
198
831
664
148
381
153
781
499
737
110
373
851
762
140
118
800
442
372
238
73
240
958
939
936
308
991
842
732
276
617
172
621
604
74
578
21
700
480
71
846
723
293
265
93
29
178
910
10
523
792
866
843
960
288
545
308
637
342
154
770
919
578
449
285
37
469
95
637
852
971
170
309
954
308
952
65
591
49
694
928
11
822
138
853
389
756
608
720
708
136
708
244
882
843
230
855
774
191
678
517
919
14
403
515
564
495
113
16
878
636
428
440
570
642
558
351
698
573
445
699
414
179
610
410
597
789
551
983
858
694
465
847
213
274
558
667
621
578
544
747
771
2
245
825
567
176
347
549
571
903
732
740
415
674
270
190
273
870
740
312
533
52
446
312
658
573
504
932
18
535
292
945
205
434
453
914
393
633
796
250
812
373
135
63
140
664
172
387
997
772
448
200
805
253
156
431
576
401
744
335
79
292
100
345
27
996
592
492
996
533
896
3
170
644
12
366
227
613
158
881
804
478
773
827
594
455
336
613
702
987
197
238
1
547
634
105
316
294
170
526
498
838
447
964
842
557
844
407
146
988
431
239
665
24
581
86
896
148
257
178
291
143
908
116
703
223
138
135
845
389
115
587
963
194
378
187
899
431
29
319
678
56
543
23
888
97
579
225
548
106
76
651
199
395
958
648
698
279
970
629
333
664
860
721
41
287
872
637
773
460
212
662
311
639
608
641
802
310
870
820
442
141
876
780
430
66
774
601
356
667
301
915
272
28
843
833
394
458
169
865
867
124
914
688
538
929
813
956
729
861
774
33
982
757
607
584
576
306
174
353
837
500
947
660
151
516
464
250
956
597
270
613
431
398
206
196
254
443
532
472
919
21
207
45
995
37
795
771
435
266
694
457
588
335
736
194
883
76
624
8
855
494
158
787
483
829
850
811
725
789
489
445
631
904
663
58
217
228
877
780
683
642
809
724
596
808
950
784
727
607
847
870
300
489
450
885
841
527
726
1000
667
473
693
436
802
274
196
833
610
657
803
835
45
374
674
292
574
747
489
415
850
78
946
254
487
146
332
51
949
450
611
11
366
941
997
184
389
730
778
877
377
172
733
987
807
547
985
145
107
770
995
162
75
3
322
223
220
425
231
444
270
599
683
829
81
499
901
424
669
436
704
125
773
958
321
65
992
173
328
287
828
73
385
133
560
458
272
517
87
562
911
851
204
975
134
902
334
261
833
237
822
732
977
322
995
186
139
803
633
294
970
893
572
958
484
854
650
600
417
587
810
535
419
752
632
287
561
415
172
264
313
703
178
494
163
529
425
84
533
714
400
253
430
769
384
401
25
817
840
61
313
64
354
764
989
919
607
493
48
364
611
147
99
910
150
903
518
843
849
161
607
737
388
743
2
843
385
464
698
221
376
886
758
326
883
963
181
478
153
732
696
90
122
409
193
948
474
318
733
325
71
455
986
981
907
468
171
966
550
805
446
683
147
775
514
376
249
32
626
950
101
708
912
515
739
996
80
363
663
888
842
235
867
322
969
511
915
855
505
811
57
971
466
414
225
670
829
55
933
864
776
544
34
286
167
697
968
983
759
496
991
236
12
577
428
247
101
315
811
870
471
959
484
546
743
732
429
688
372
208
144
5
896
197
599
804
501
428
554
77
935
71
955
912
377
724
409
293
973
198
339
180
428
250
700
749
327
296
795
986
914
559
272
342
453
413
672
204
569
87
13
449
307
380
773
106
857
1000
389
347
847
485
655
424
310
464
650
864
783
295
879
2
350
818
225
44
944
903
834
991
305
772
730
45
58
38
625
451
888
407
918
324
103
979
933
152
693
145
886
660
922
701
345
804
914
368
614
414
461
481
134
513
360
659
264
510
650
361
636
801
166
205
510
704
242
44
39
385
125
292
745
123
890
444
302
306
16
535
145
949
508
251
656
222
659
190
666
584
572
142
628
911
437
663
121
335
448
449
940
401
146
18
535
95
466
14
533
64
127
753
328
591
52
510
338
680
724
754
353
173
272
445
841
631
997
209
657
701
355
991
99
761
955
119
406
238
421
103
491
85
558
573
862
198
176
64
592
328
269
258
314
530
173
943
572
272
741
985
327
478
187
426
85
929
329
836
842
378
186
868
717
531
993
599
803
247
17
84
250
29
147
898
406
600
519
426
988
499
928
526
480
971
713
253
631
855
588
181
644
548
722
177
325
268
783
193
210
688
515
387
478
401
50
650
711
362
806
778
4
416
446
840
5
780
864
170
83
470
215
742
867
371
390
776
92
271
83
45
634
262
111
90
539
557
377
742
489
822
960
784
571
461
477
193
377
678
848
155
513
203
604
448
421
521
301
146
849
221
902
32
293
84
141
87
276
587
337
729
80
949
292
127
125
121
317
628
830
726
224
105
58
972
357
776
302
94
591
223
930
15
251
791
521
803
121
447
73
518
36
986
742
634
440
713
339
652
15
146
685
272
912
733
492
427
927
44
813
721
893
474
880
602
98
322
505
421
437
674
606
894
429
631
776
32
468
362
399
860
165
585
627
259
132
758
287
235
432
431
169
646
558
43
874
501
600
931
665
812
869
822
509
355
576
747
103
327
416
265
79
375
814
675
305
208
612
428
518
397
213
31
461
387
481
105
333
28
18
552
108
949
171
709
110
423
311
895
977
724
961
986
995
741
198
340
465
193
811
331
699
662
218
670
109
454
231
227
629
115
745
344
65
584
305
202
818
513
378
652
777
939
526
164
346
899
834
429
231
301
820
130
385
669
726
85
512
317
741
997
967
54
593
763
160
134
194
543
23
893
222
800
174
212
257
266
392
189
156
226
267
562
600
502
578
366
888
444
968
120
630
415
764
376
973
943
631
153
627
382
804
397
224
614
573
829
275
406
401
427
711
680
187
846
454
54
932
92
218
875
778
672
640
73
545
371
72
667
782
201
108
369
960
661
728
495
524
420
344
628
513
613
309
468
253
176
625
579
813
573
223
650
750
174
570
324
408
170
460
879
772
570
857
321
189
373
58
292
644
608
775
360
67
146
554
662
721
601
316
223
539
898
790
305
14
426
449
58
802
597
360
499
498
405
738
140
980
586
78
965
841
942
201
15
637
774
651
249
71
186
707
748
556
298
603
488
530
654
265
326
127
226
773
333
971
9
475
543
876
614
98
872
467
743
692
763
357
803
97
301
787
860
864
690
86
134
747
757
102
664
241
590
511
674
65
927
788
798
880
208
269
971
333
99
785
980
544
430
666
543
504
409
780
746
451
877
513
135
993
786
634
523
808
360
239
477
713
608
154
413
656
873
192
682
328
183
746
632
293
634
536
486
759
502
180
232
267
446
598
682
338
734
830
150
866
315
669
254
835
980
505
205
655
635
965
922
814
659
762
594
139
883
171
643
529
164
216
609
197
909
312
908
386
792
265
452
357
962
77
191
847
206
77
930
139
813
724
139
581
70
594
799
739
22
220
160
241
605
41
499
577
873
327
520
225
799
812
4
711
679
237
50
515
176
416
252
51
831
886
251
188
901
955
718
164
704
312
717
412
286
375
108
464
407
879
768
629
280
574
370
515
770
64
315
543
716
673
80
777
503
174
362
926
136
503
906
216
574
308
557
715
450
89
993
679
490
485
105
746
806
221
623
441
675
903
440
262
971
484
931
414
516
851
157
231
313
253
429
511
990
39
206
422
332
280
701
614
757
752
226
117
964
241
343
920
466
247
607
558
863
524
825
1
466
878
100
187
167
244
986
144
444
252
523
341
380
656
933
205
443
289
831
502
899
347
112
952
54
909
192
830
797
872
712
257
210
830
681
203
85
865
538
914
77
693
556
796
858
343
247
168
527
489
182
401
357
51
336
575
663
970
945
501
370
559
738
633
966
792
947
925
251
547
517
595
845
846
209
218
596
744
108
987
882
392
661
630
303
768
336
657
11
425
715
145
961
832
598
269
447
14
877
681
436
510
183
1000
298
626
816
136
843
277
78
36
406
527
254
857
258
858
45
415
912
670
548
387
569
129
650
150
781
524
84
999
995
40
667
17
937
104
617
307
185
335
688
909
980
7
508
141
251
194
633
174
321
647
379
427
118
830
25
288
481
332
336
714
722
367
809
811
623
289
37
949
921
308
736
182
138
787
967
150
146
838
994
720
239
844
861
666
959
759
266
526
569
934
765
890
681
280
10
58
211
796
542
896
720
536
88
957
796
214
130
424
163
828
352
444
362
255
665
184
846
956
611
347
492
99
709
908
334
2
505
919
888
472
172
36
28
905
657
509
548
323
859
732
143
415
564
343
112
509
181
921
460
598
393
938
340
789
311
546
236
528
200
104
625
640
663
628
778
796
204
898
198
751
594
903
221
44
764
830
957
12
682
550
208
251
2
395
17
702
699
239
555
605
457
867
607
444
61
69
876
451
349
695
989
115
1000
388
69
25
491
293
692
620
809
225
555
758
157
1
999
179
409
668
274
575
92
173
731
186
880
252
794
687
769
383
437
92
987
43
669
56
459
387
228
245
497
429
383
415
437
388
69
687
386
137
110
153
927
615
314
426
818
21
534
100
141
59
23
913
546
259
46
278
277
294
628
217
798
739
698
988
561
48
968
567
154
461
459
415
731
601
173
357
927
540
308
67
361
120
627
