800
1188
523
572
128
955
812
92
475
673
752
688
487
74
788
86
302
358
686
210
994
12
482
789
705
287
597
935
110
940
82
770
29
802
642
729
446
549
697
329
844
484
131
947
94
549
789
306
661
440
286
654
445
605
697
557
890
175
560
314
750
385
289
501
767
889
478
478
970
541
177
920
792
208
44
743
350
681
582
873
162
904
889
966
579
534
285
781
787
926
215
207
884
892
111
786
736
791
35
525
838
37
590
522
799
340
668
666
127
416
5
880
594
855
379
761
405
728
828
110
106
436
882
596
336
241
872
651
48
330
478
568
774
308
653
58
556
95
733
750
793
752
530
90
384
435
828
878
379
840
301
385
541
607
553
659
556
54
671
633
507
671
629
148
966
651
675
924
278
118
203
464
906
778
479
671
26
235
280
975
365
23
315
664
544
155
121
933
846
510
67
52
617
494
227
525
187
853
594
730
210
168
561
54
784
386
752
399
468
42
31
292
154
578
124
832
471
313
594
428
803
290
571
799
64
645
492
259
863
472
228
737
637
569
287
321
557
292
232
398
910
30
917
475
322
726
523
828
514
311
70
405
802
720
210
558
866
28
309
628
348
530
803
443
822
424
3
113
93
899
893
55
349
230
716
888
357
193
348
405
793
11
210
544
959
313
974
794
909
976
202
461
259
742
808
835
430
62
599
215
280
8
109
798
429
532
751
593
765
609
410
894
623
697
827
625
378
137
602
682
137
99
980
65
971
298
237
410
370
498
517
359
623
339
615
42
149
984
869
591
126
898
616
743
576
663
494
933
391
510
192
545
491
346
744
160
93
983
234
977
317
820
613
504
241
273
530
766
928
28
253
480
908
346
48
10
494
658
907
30
872
409
833
11
599
453
449
194
259
847
96
760
302
293
410
997
716
942
348
421
708
719
980
78
374
412
277
675
211
454
122
347
289
852
616
516
981
202
94
114
641
463
215
184
914
752
864
52
928
641
32
344
112
196
516
181
643
133
52
907
392
455
174
664
685
951
894
916
283
322
821
243
97
568
194
873
437
896
428
557
259
381
940
742
583
821
478
643
322
1
416
525
785
916
900
209
58
561
754
842
507
219
277
327
486
862
317
29
656
371
102
698
401
561
946
360
478
387
979
259
306
359
542
126
269
850
547
565
352
766
73
131
491
991
519
348
238
410
693
559
437
921
278
642
359
262
410
394
45
30
93
33
177
479
643
730
64
610
177
256
146
390
88
303
155
470
49
95
763
73
615
470
199
282
141
862
575
532
516
732
956
143
751
875
557
607
300
441
449
723
451
2
218
194
890
759
531
372
423
944
568
454
889
867
972
260
269
7
185
825
32
892
988
715
167
757
688
930
141
956
587
970
520
29
646
199
304
517
738
743
137
57
414
59
710
224
788
145
9
399
95
15
688
437
837
115
947
556
36
34
480
456
932
410
638
981
136
614
30
670
255
207
670
19
109
194
186
199
622
731
925
921
294
624
557
335
691
71
360
649
290
907
429
76
650
778
702
172
797
887
151
950
459
859
424
203
654
318
457
950
237
345
543
473
170
138
428
176
131
68
352
180
181
850
268
348
111
546
908
761
175
499
538
798
188
945
738
787
41
267
70
359
1
105
452
165
635
758
398
510
6
814
371
843
499
789
462
495
878
319
319
519
486
198
738
988
101
382
942
373
551
770
713
114
309
17
278
249
99
572
794
867
831
216
555
827
316
751
194
249
413
641
991
229
730
435
227
319
657
650
13
254
445
870
151
543
990
531
799
78
821
75
649
586
516
691
460
535
611
784
510
808
531
354
348
510
957
203
763
930
25
543
736
87
792
603
396
82
288
759
915
413
833
994
655
859
775
690
473
945
456
647
355
339
208
636
956
744
201
231
36
338
82
378
497
54
880
632
73
812
300
478
121
999
305
521
287
529
576
446
979
175
124
130
731
833
935
852
16
133
582
787
377
181
935
880
980
732
738
507
239
834
67
282
658
866
2
48
784
675
819
280
734
442
180
688
547
296
699
5
249
642
304
709
680
857
892
439
668
730
773
756
111
622
919
500
432
851
462
59
270
285
428
736
759
666
603
430
854
556
338
114
624
382
513
715
584
538
944
52
676
730
960
561
833
154
10
119
838
281
155
352
657
975
220
991
110
462
870
911
823
996
790
446
676
62
794
932
381
549
859
141
871
614
773
111
339
951
843
133
145
682
524
748
460
85
464
441
197
852
603
515
357
964
671
269
536
428
689
720
739
959
715
761
668
426
237
92
256
451
793
779
846
578
956
620
456
709
406
662
61
224
608
860
7
475
333
187
1000
233
374
295
373
556
799
508
56
998
114
629
837
64
729
81
59
721
587
840
555
663
76
359
619
806
995
525
813
844
2
962
193
477
589
768
859
677
967
482
143
630
73
319
746
678
220
751
223
645
482
492
625
624
764
215
140
479
867
688
416
78
191
603
809
541
962
478
562
13
935
413
449
866
416
650
239
578
386
729
972
971
987
251
201
302
63
276
759
675
403
563
982
251
49
471
753
499
166
673
481
489
565
419
728
689
561
843
846
264
231
760
28
907
367
123
317
268
683
340
889
969
441
443
143
535
670
295
186
997
679
31
366
863
252
482
204
601
240
249
555
866
936
380
540
547
236
227
155
39
914
279
774
341
512
799
132
106
633
696
242
677
732
277
152
154
771
530
195
463
55
8
664
218
946
895
226
384
772
386
847
800
628
844
414
814
609
309
953
32
293
949
529
371
783
989
123
405
465
748
779
233
796
722
982
803
786
411
71
772
237
673
918
458
370
622
766
976
609
456
553
437
246
866
272
777
235
386
247
760
348
561
852
108
554
178
700
948
291
104
943
193
43
965
75
404
46
47
344
941
849
512
591
577
694
607
744
968
907
917
780
80
1000
31
570
99
137
994
45
568
422
922
374
446
178
939
445
218
974
827
249
542
818
807
883
663
483
734
965
7
997
147
14
797
746
340
289
692
667
410
407
235
475
15
853
804
285
812
717
237
751
419
748
11
649
307
98
374
320
520
536
748
292
495
272
381
872
593
301
985
419
220
171
688
261
759
909
821
766
375
716
545
468
242
673
164
907
591
421
950
281
639
395
218
292
790
170
494
257
936
954
543
454
884
616
449
740
350
124
661
873
867
850
803
78
771
97
593
21
839
470
685
406
665
65
435
103
525
80
487
524
558
711
108
31
28
785
811
378
993
64
994
665
615
974
380
678
284
97
693
347
117
600
587
237
274
812
375
155
66
835
319
602
495
9
350
706
541
184
344
484
680
141
86
248
163
177
469
796
447
357
826
24
754
265
521
731
721
429
298
471
269
332
160
313
488
204
784
554
537
227
743
840
465
495
702
139
518
696
681
295
18
615
958
381
912
720
304
720
185
950
404
411
437
443
595
171
35
74
781
327
42
17
353
216
361
657
541
603
422
66
853
439
182
121
927
864
771
217
556
773
15
498
126
486
614
338
910
257
803
935
704
174
351
871
712
759
757
572
679
167
34
643
686
735
707
792
745
725
175
23
987
113
436
98
321
642
909
905
524
436
472
401
747
562
784
879
430
400
85
692
221
549
651
153
20
573
200
556
862
217
560
834
703
507
794
691
712
961
742
408
709
135
907
374
918
678
115
106
994
913
976
106
118
824
353
52
126
354
111
312
403
165
703
818
351
632
540
136
168
177
827
249
353
636
815
192
776
140
708
113
219
373
486
497
643
556
367
453
991
70
870
453
513
192
987
459
463
9
787
436
813
520
248
852
428
653
225
957
21
450
280
68
180
667
47
869
198
802
326
192
569
559
306
8
769
59
194
140
529
651
3
209
731
649
249
176
544
158
367
340
934
518
420
777
45
963
736
339
895
853
921
255
90
736
147
169
682
657
732
474
378
971
406
79
506
27
742
270
998
345
736
284
108
498
297
63
648
316
261
311
425
638
940
531
817
460
131
739
220
243
706
993
142
471
670
305
984
896
328
232
909
487
469
527
661
689
307
10
537
55
431
573
371
254
513
587
427
521
387
771
794
534
792
578
895
436
89
423
816
7
885
723
759
247
894
599
759
591
877
994
549
525
243
832
811
141
389
134
278
602
974
96
421
790
1
240
652
786
625
167
443
582
644
697
787
384
145
671
36
85
318
440
301
801
408
500
360
998
591
727
416
858
725
296
876
988
212
288
264
292
335
824
442
128
758
725
199
45
416
320
185
580
535
951
608
77
259
370
639
596
536
953
780
120
451
135
835
305
914
673
252
177
737
759
896
973
115
129
421
401
413
953
912
101
501
955
251
269
694
25
336
92
524
252
115
240
760
444
217
276
590
437
849
424
307
456
190
246
584
619
688
898
734
126
398
796
407
566
140
681
18
920
960
954
704
82
802
662
592
391
19
208
167
785
754
185
522
491
781
926
769
475
233
709
647
54
450
807
939
124
376
793
308
316
277
244
935
481
416
17
668
156
82
226
638
306
760
75
204
812
390
72
618
659
155
899
927
449
96
58
785
934
925
611
744
928
814
595
102
369
690
635
429
251
285
459
625
358
80
443
452
77
216
687
142
144
783
189
220
848
223
717
577
893
696
221
299
565
489
92
613
226
341
553
836
848
245
877
247
921
63
477
882
462
459
719
431
60
17
150
841
269
799
132
37
162
500
282
583
260
553
681
197
408
414
307
890
371
506
574
371
671
631
773
340
374
816
929
856
962
990
661
461
480
728
869
161
955
412
19
347
597
387
680
563
779
95
181
885
348
227
222
949
414
630
792
394
254
40
84
839
970
232
9
662
989
358
969
435
357
543
68
362
334
667
108
140
362
318
680
110
699
357
964
65
839
934
360
708
31
426
15
667
400
821
590
522
828
609
807
313
584
732
441
426
236
993
721
705
822
158
902
969
583
475
196
646
919
743
104
77
572
697
794
908
802
52
171
298
996
163
566
208
156
372
160
151
419
828
191
249
101
124
23
608
315
71
556
544
246
507
328
376
272
74
579
254
3
438
588
60
707
813
974
397
707
130
822
722
83
530
177
942
83
840
584
346
828
116
425
266
672
508
128
481
182
558
274
29
439
496
711
893
727
221
346
492
834
502
259
81
554
641
15
208
929
692
230
799
968
393
335
36
849
940
896
252
620
935
208
437
427
497
481
977
755
313
5
913
601
861
811
983
546
616
457
558
427
996
177
747
747
579
737
561
338
271
238
358
646
471
693
351
535
199
68
92
765
12
226
582
528
101
108
977
388
860
482
570
531
975
667
980
803
558
896
991
25
340
889
45
152
169
708
444
427
498
676
129
906
178
764
387
294
794
962
146
28
347
312
379
696
200
376
745
470
220
889
487
716
52
813
898
752
521
119
868
716
213
764
641
317
827
537
598
353
266
24
546
565
45
686
226
550
459
404
740
867
621
648
437
864
421
428
37
367
639
94
343
730
433
657
300
632
706
301
78
333
138
251
894
153
815
392
906
737
665
72
594
782
565
942
190
264
55
164
155
314
539
170
552
389
402
780
958
389
685
419
531
153
973
718
313
568
465
174
104
903
595
338
748
302
513
32
131
189
727
438
41
301
251
960
601
308
233
899
273
833
518
661
663
66
397
454
132
867
565
566
385
826
751
588
425
903
384
1
96
87
151
270
870
13
503
669
603
826
30
300
243
582
101
490
261
521
913
109
780
556
509
535
284
51
43
753
376
659
658
651
62
887
991
481
866
822
381
13
713
50
309
49
465
407
915
826
645
99
649
543
149
502
983
300
959
111
638
200
781
906
444
440
249
178
422
208
647
193
95
780
771
203
23
521
577
793
523
249
634
310
867
670
176
632
7
946
89
104
305
987
673
613
858
429
604
327
989
663
250
436
366
581
847
463
872
122
516
16
311
588
143
495
168
672
130
774
1000
603
317
297
263
516
914
557
765
25
966
938
973
486
346
17
75
263
964
243
13
214
233
242
422
963
622
232
539
243
476
7
184
810
975
355
636
14
221
534
204
974
578
653
640
363
337
43
117
271
282
395
366
728
93
416
790
695
931
475
330
365
651
794
992
712
196
222
845
193
180
945
61
51
539
370
218
272
445
260
19
993
932
370
569
662
484
407
767
5
952
4
269
382
625
78
155
542
329
743
926
295
356
778
884
873
816
305
409
134
496
913
54
167
137
769
789
640
244
482
439
203
702
752
793
318
64
588
441
134
154
453
728
329
321
497
297
462
978
695
291
859
179
847
270
655
244
123
557
22
372
400
608
396
345
337
796
742
42
633
976
327
177
950
72
806
55
550
824
368
656
435
841
165
403
941
856
495
676
354
938
772
5
15
100
337
214
418
546
193
253
710
796
464
919
736
120
380
670
167
574
347
878
945
103
985
605
769
721
577
786
186
261
952
351
995
618
873
61
178
207
374
91
597
3
868
365
594
830
90
741
552
229
626
734
342
774
824
777
540
882
931
630
441
103
21
800
452
330
213
37
38
139
821
922
449
997
626
645
187
570
334
709
202
301
462
216
718
188
945
381
484
315
402
392
249
203
816
151
34
796
171
641
990
991
20
738
925
955
462
595
103
496
640
687
446
523
949
822
479
657
933
634
153
145
562
919
621
293
927
149
503
207
632
345
189
214
978
123
230
818
140
779
216
831
175
321
88
224
927
417
853
561
132
812
797
797
957
766
300
558
238
282
152
592
541
217
695
779
96
362
222
550
253
466
367
564
7
647
413
965
909
145
369
166
992
711
601
377
636
489
216
849
526
422
717
442
458
451
594
182
251
796
484
108
785
884
643
824
347
70
31
783
432
340
24
919
860
775
521
90
926
343
215
248
572
388
648
442
40
987
409
163
580
264
28
873
514
552
194
866
620
335
23
27
255
201
517
962
750
150
14
474
847
739
349
186
608
862
653
697
537
528
269
681
795
917
315
752
67
27
701
928
833
241
829
703
559
601
103
292
87
647
395
797
707
24
448
30
545
798
709
488
300
347
638
244
332
681
13
373
308
997
45
383
656
308
278
679
523
745
105
811
560
234
299
429
816
820
503
764
866
533
8
222
536
944
465
935
610
342
800
171
302
595
659
441
756
50
658
518
677
727
861
596
854
743
631
763
485
156
484
823
348
915
885
532
137
684
182
604
355
359
649
643
954
150
860
219
133
477
608
708
314
717
160
633
760
931
215
994
652
526
622
529
673
782
767
808
493
939
48
531
436
666
822
712
954
51
11
19
138
892
939
281
285
666
386
857
5
365
540
202
320
977
313
610
412
834
