900
1956
544
78
291
752
376
201
894
551
531
927
383
721
855
541
968
850
114
833
844
349
417
846
881
712
106
942
319
543
768
755
863
911
36
985
240
637
892
676
646
855
422
348
431
851
928
645
610
972
22
548
987
765
223
10
742
560
637
986
428
886
594
404
678
377
308
895
430
426
341
399
7
254
239
623
414
514
448
313
379
193
259
354
401
767
658
902
97
612
974
352
452
277
810
791
891
423
53
911
630
889
813
212
320
620
675
464
772
533
218
777
980
86
690
689
682
109
388
132
841
392
330
67
727
520
800
721
15
95
94
544
983
114
981
408
199
652
707
92
413
266
89
229
803
457
29
792
451
288
583
492
365
764
286
196
118
963
876
194
370
64
396
346
74
614
794
117
139
190
968
80
99
883
344
858
330
291
971
915
540
972
222
654
672
848
199
587
693
419
732
779
521
71
132
779
507
29
18
564
24
947
82
821
669
721
90
436
967
774
109
69
46
208
398
424
465
792
306
401
146
210
618
372
112
799
474
386
651
891
915
794
660
226
953
186
291
728
448
199
494
367
537
454
794
131
282
29
977
801
168
764
229
273
229
221
836
207
858
984
560
694
716
550
458
116
237
601
101
785
744
310
656
781
665
586
819
535
716
887
720
697
750
144
528
306
49
318
150
81
932
713
112
481
246
674
735
375
173
961
148
219
548
950
332
131
668
31
303
580
696
408
604
508
219
453
225
169
215
523
425
198
117
477
904
380
619
208
439
819
77
219
961
21
15
540
854
815
968
718
427
536
857
855
985
795
292
899
177
155
476
50
818
450
872
599
307
126
508
272
42
966
827
315
253
560
868
323
498
963
458
440
533
847
50
21
149
39
510
85
142
717
749
890
720
246
808
756
907
528
855
162
793
354
871
424
891
282
867
53
550
50
768
698
541
227
673
223
653
142
849
40
789
197
97
740
613
210
193
500
309
523
763
604
635
896
706
441
743
377
729
187
896
618
459
606
252
331
53
131
835
488
772
368
564
303
444
517
36
981
32
412
636
103
536
250
801
107
566
981
834
443
71
540
771
406
262
590
586
94
878
47
394
158
571
422
530
371
825
528
716
557
769
743
663
836
825
824
12
323
928
98
402
72
594
259
38
619
908
823
975
717
64
8
565
388
891
485
515
586
585
416
66
942
468
97
439
74
731
943
723
993
80
649
979
679
48
887
238
550
836
592
235
146
769
360
130
258
316
395
447
68
702
202
373
343
877
676
800
267
155
504
867
431
506
527
979
18
27
506
560
497
749
651
516
84
770
295
981
391
829
485
759
158
293
926
240
948
732
894
239
240
701
240
638
626
787
166
881
777
172
788
719
105
850
107
763
961
157
596
252
998
670
973
935
818
905
918
946
75
392
209
943
744
843
130
576
401
1
666
701
10
465
356
586
129
441
193
610
812
498
167
997
26
456
47
597
22
896
926
656
490
390
509
832
129
678
181
954
955
537
30
748
138
75
153
702
565
919
380
169
785
11
624
425
108
231
586
616
18
757
681
90
711
212
462
276
867
729
571
920
859
836
17
83
933
314
379
659
496
535
520
506
23
102
605
870
629
86
441
175
842
186
753
51
682
118
763
133
214
66
550
9
230
25
402
138
967
521
254
779
716
249
839
299
787
893
521
111
587
996
761
271
865
802
559
651
422
302
730
786
942
932
709
225
349
775
809
312
47
405
852
257
869
372
12
559
918
512
329
728
146
609
896
840
252
733
241
671
510
171
46
994
998
758
160
837
540
38
111
859
99
194
381
716
759
237
647
137
761
786
408
708
438
368
327
830
727
560
655
347
827
616
180
487
812
677
468
436
449
279
522
254
744
128
266
288
56
291
767
579
183
616
296
451
387
104
727
431
567
946
589
258
63
459
687
518
785
287
988
846
789
165
448
873
331
794
888
164
102
414
706
795
720
528
32
434
586
758
795
879
307
795
929
28
752
153
343
445
572
223
280
216
785
457
231
590
929
639
105
13
752
381
556
457
224
217
811
813
138
234
889
616
576
515
705
62
440
538
25
562
369
807
953
273
731
652
227
638
206
207
785
815
568
553
760
816
754
396
665
868
971
928
70
8
779
936
755
437
188
780
170
251
384
744
574
51
841
763
164
572
864
758
872
4
544
738
216
795
702
291
183
871
617
478
617
595
57
798
561
770
191
730
866
743
361
764
397
122
269
750
76
611
573
949
778
167
657
561
595
472
83
649
868
125
837
510
838
152
180
681
949
570
593
354
532
926
822
407
347
437
84
479
134
486
555
288
940
982
915
257
344
657
251
55
433
847
188
967
312
763
296
355
741
23
763
164
56
451
529
652
953
725
953
437
732
107
878
118
986
16
995
318
550
955
602
613
350
128
501
880
469
655
631
298
98
272
494
279
109
55
668
441
38
533
238
824
943
197
737
229
993
844
971
231
428
528
238
978
301
637
167
488
284
368
733
886
40
717
172
186
328
768
73
655
226
76
507
272
7
133
924
912
402
386
511
296
176
9
717
337
817
565
742
402
480
608
93
734
569
25
353
730
40
684
254
921
528
49
810
394
694
150
572
883
840
773
346
117
459
321
464
38
678
200
660
872
808
537
745
76
868
358
503
552
717
814
247
811
31
800
364
781
511
417
823
203
542
520
921
749
888
75
321
980
542
816
580
612
280
997
164
762
640
17
880
140
871
608
765
356
856
956
767
831
674
875
431
928
114
397
675
520
620
525
374
777
85
161
953
169
754
282
63
88
125
829
804
789
383
932
489
732
153
112
478
203
120
563
166
716
16
966
637
453
547
285
572
995
207
127
906
558
318
83
660
405
436
648
506
378
390
712
445
860
197
700
421
907
780
50
406
175
636
720
367
811
362
324
177
641
677
270
552
159
999
846
782
350
939
804
107
893
192
170
941
48
111
889
625
626
725
988
448
252
378
241
188
913
318
64
866
613
867
392
775
984
719
779
769
470
320
969
50
804
29
197
494
360
321
460
437
440
981
18
239
934
126
852
273
721
925
123
829
655
78
750
879
414
280
517
666
718
886
843
687
431
563
986
865
989
10
485
819
126
767
726
211
167
190
158
226
958
433
69
340
284
578
769
824
151
106
291
105
349
316
229
585
245
110
432
845
236
62
5
799
561
900
815
773
349
715
910
995
18
430
718
393
203
11
612
801
218
69
674
367
826
737
797
67
176
984
762
45
893
922
440
830
321
519
134
454
112
841
712
162
362
687
363
550
977
500
186
499
792
740
505
135
47
469
555
543
608
777
502
577
858
783
950
675
644
657
139
951
380
840
919
228
188
315
825
18
576
267
161
716
353
720
108
645
826
722
299
381
62
711
795
374
200
896
313
297
731
278
374
670
130
110
540
368
545
29
866
345
340
27
570
640
278
884
433
916
99
199
227
483
939
447
350
485
708
765
203
673
337
240
138
908
752
116
663
256
738
428
145
986
108
438
617
106
443
948
635
523
321
548
719
804
492
568
284
886
770
685
674
63
341
335
56
538
43
439
907
577
886
81
580
512
103
775
635
113
523
329
416
277
539
374
8
19
13
211
143
873
343
684
415
984
326
33
375
33
835
696
621
950
190
624
586
9
485
589
727
245
930
790
754
455
979
965
230
671
155
707
31
996
400
996
398
362
855
368
371
853
66
501
307
326
832
932
294
605
275
585
562
788
988
293
460
291
728
219
400
873
463
399
678
71
56
141
117
922
359
93
75
598
430
986
554
450
677
541
667
433
922
737
844
248
187
254
917
597
459
264
395
166
458
627
576
953
895
552
59
124
850
593
647
335
978
184
146
398
715
606
586
139
271
59
668
270
570
780
855
716
86
532
634
955
949
577
268
408
73
958
357
974
746
574
345
185
348
336
503
630
456
429
913
7
209
581
857
842
29
987
693
308
71
802
950
617
331
90
999
148
679
449
164
689
99
297
788
809
381
39
142
818
506
469
999
506
846
811
32
38
333
379
536
690
546
542
447
51
382
64
533
871
89
314
489
506
896
732
482
227
515
665
825
685
358
835
954
403
148
456
954
184
907
151
347
496
550
691
763
799
809
592
672
49
666
54
688
338
6
888
400
418
161
427
243
436
482
45
290
123
707
887
300
91
632
784
118
150
594
317
12
877
609
949
615
14
342
42
443
647
544
23
36
224
277
103
587
444
726
635
283
366
427
452
650
31
783
666
550
827
955
721
584
510
729
82
468
595
78
689
94
797
700
623
693
545
870
912
669
661
200
291
783
705
402
460
589
570
431
565
766
231
79
636
913
866
759
666
538
867
660
717
868
904
54
866
975
364
173
492
914
958
615
733
747
272
92
137
120
916
723
2
405
756
418
274
571
20
484
812
820
352
779
38
899
16
779
24
821
573
939
483
32
229
663
358
980
881
241
17
370
233
694
14
242
432
625
855
262
75
179
562
55
225
648
751
734
975
125
889
587
190
999
717
187
397
129
517
599
170
775
786
838
823
15
636
907
365
747
643
342
594
702
980
454
607
122
868
40
830
37
3
814
811
280
267
370
809
436
626
85
85
352
237
905
202
775
737
55
462
858
334
968
717
616
498
491
257
389
911
977
728
411
37
567
32
389
566
595
559
82
252
442
586
149
730
151
123
966
110
696
431
530
30
569
620
772
557
634
336
50
323
936
979
557
963
325
382
460
469
31
736
889
457
830
545
943
921
7
262
856
897
894
796
874
606
735
821
942
297
106
342
875
782
91
81
675
332
377
27
646
73
469
628
191
525
666
203
290
644
122
35
692
872
354
657
419
986
681
634
25
784
106
409
656
171
31
208
825
920
377
206
855
748
596
825
331
300
239
712
423
650
873
250
146
117
335
437
348
923
416
6
106
786
375
81
116
666
811
795
317
318
934
458
102
413
520
13
402
152
838
342
395
191
221
37
663
104
498
118
7
577
202
322
755
897
301
460
498
885
871
397
9
664
806
109
538
314
93
704
288
906
574
407
325
235
292
487
346
187
920
307
496
337
634
681
274
985
883
179
756
467
876
574
886
858
421
516
74
529
567
30
714
320
66
168
97
754
437
242
31
455
302
187
628
413
684
942
107
544
850
41
281
843
168
799
824
741
577
876
916
440
602
221
314
289
740
462
182
797
794
122
488
869
218
668
989
204
345
539
10
392
103
832
302
69
185
481
911
234
506
55
385
127
157
675
136
943
1
522
563
222
882
481
123
165
113
306
155
133
991
591
484
773
617
12
254
751
251
745
203
604
537
900
26
677
66
186
873
890
923
641
385
442
221
857
71
232
36
921
887
152
475
660
439
66
745
886
883
126
58
436
257
305
49
564
963
925
109
646
146
168
670
460
413
813
859
54
564
828
882
989
298
583
262
461
812
694
481
449
931
559
421
75
590
368
630
839
483
315
841
547
76
968
862
320
247
880
158
957
678
862
315
660
397
703
899
684
135
147
944
287
112
407
884
613
337
574
904
602
202
455
599
431
38
991
838
263
678
762
770
994
473
616
153
346
234
882
389
44
544
212
120
639
833
867
150
820
704
107
186
180
9
635
753
811
829
475
452
21
926
916
440
470
39
614
656
749
476
72
314
383
670
101
58
509
196
48
9
838
342
600
301
650
979
744
262
472
789
227
639
824
658
705
822
718
717
399
477
390
755
884
466
126
611
811
759
789
227
445
1
784
18
958
823
995
952
29
75
572
685
629
373
211
119
763
580
914
379
853
333
131
454
602
192
74
291
444
244
32
472
943
472
781
769
65
33
8
802
614
394
281
314
8
96
355
498
112
995
855
625
79
304
26
688
327
60
629
381
961
923
221
628
34
734
846
465
45
61
542
960
157
754
652
325
568
783
797
229
684
335
557
16
551
712
758
542
287
779
787
55
893
920
38
440
242
288
765
680
736
995
27
249
734
579
217
544
809
841
556
577
29
22
280
417
632
808
840
493
623
634
853
934
342
765
334
987
305
733
764
683
98
186
189
133
677
687
513
121
614
642
308
642
192
134
546
520
927
429
955
151
916
581
654
647
547
439
971
914
991
196
848
619
15
952
987
311
43
582
730
746
298
129
1
72
441
149
480
851
358
433
775
555
265
606
186
138
707
950
211
561
967
861
601
46
908
205
140
323
160
695
375
759
419
938
532
894
804
939
68
881
19
562
533
738
217
777
485
15
200
563
793
59
743
381
412
525
192
352
488
853
429
58
659
76
617
979
800
572
836
7
95
457
559
720
408
44
566
715
877
72
168
494
17
810
905
426
370
537
520
578
405
966
777
239
513
628
685
103
702
577
999
872
979
830
14
844
816
351
516
300
126
487
319
70
32
873
539
605
462
674
161
594
79
317
387
451
898
741
701
553
264
888
964
374
184
823
624
440
811
908
42
25
116
288
157
261
661
839
970
347
317
849
142
948
448
3
918
305
624
887
374
893
340
102
283
836
210
902
933
205
7
826
486
991
921
372
853
895
489
767
271
509
677
993
623
782
169
765
839
787
400
410
246
269
881
592
934
799
661
18
964
723
234
676
94
322
815
578
816
714
805
536
721
42
392
869
915
243
385
843
28
698
36
376
770
248
475
948
11
881
899
159
520
212
518
97
581
683
635
22
65
497
188
101
565
778
925
457
997
838
86
184
519
237
291
214
902
978
931
727
148
847
957
886
913
656
276
487
898
279
87
652
413
629
195
304
403
825
875
980
141
509
708
936
239
681
147
11
65
539
46
271
275
183
860
806
790
635
852
195
148
471
683
283
843
701
830
398
99
202
215
897
79
394
26
163
716
846
925
523
819
985
184
915
347
56
248
767
629
685
35
182
13
336
77
322
251
667
400
749
981
653
678
150
893
25
831
18
309
411
381
554
335
510
591
55
676
742
881
663
937
657
563
252
576
810
211
217
432
770
305
7
739
2
761
938
68
63
435
822
228
745
800
156
940
420
644
680
234
508
782
426
34
418
412
654
25
687
539
904
543
492
215
324
678
95
801
7
641
260
377
681
283
430
182
453
762
221
521
7
319
959
652
405
741
638
592
790
811
994
229
547
482
937
1000
332
733
841
766
485
467
956
97
780
2
231
57
773
991
578
261
365
435
262
321
73
331
523
237
80
252
757
517
476
374
810
288
93
139
357
338
738
563
137
603
519
666
409
176
838
913
935
55
852
857
504
825
228
22
770
397
585
339
500
623
382
653
65
55
103
834
29
47
837
281
185
117
307
526
845
967
218
370
669
446
661
485
663
610
157
106
968
643
64
523
882
986
227
316
104
413
590
144
392
383
486
676
485
210
133
865
508
346
106
825
143
76
695
40
45
740
340
248
434
860
176
648
852
62
606
507
121
122
667
599
827
791
859
551
361
677
83
807
90
592
744
587
582
68
628
112
743
117
763
330
8
879
728
142
485
49
92
811
827
395
500
814
710
746
747
476
469
698
546
89
449
949
913
905
160
446
304
645
508
715
748
439
757
12
827
508
866
885
724
888
212
327
518
510
548
331
774
856
7
358
186
948
250
727
630
323
957
12
567
633
244
509
249
76
361
674
207
773
333
113
903
107
53
864
974
403
673
655
94
746
137
815
686
755
716
880
86
520
805
608
48
455
424
752
878
571
271
195
67
463
340
922
417
29
422
349
238
562
641
257
339
396
242
202
817
641
908
479
99
339
851
911
609
599
492
775
103
467
298
646
15
226
280
8
413
818
651
125
747
748
289
309
534
102
605
962
246
915
500
707
661
609
918
688
946
662
972
337
279
917
178
224
440
955
427
89
588
527
645
529
73
363
358
805
334
957
403
506
461
183
33
63
544
734
211
551
878
177
905
241
636
950
60
522
653
256
525
495
566
453
257
647
923
830
871
846
662
525
874
677
457
532
563
944
701
393
555
789
671
211
945
157
287
30
896
755
629
280
217
317
666
136
753
824
398
367
120
273
461
872
214
365
499
502
647
626
14
58
585
256
355
697
568
888
559
322
665
455
729
434
365
28
89
380
27
606
168
30
371
593
248
916
802
364
350
715
921
21
862
691
479
625
43
34
84
980
7
844
749
891
675
407
757
214
376
773
267
459
822
396
842
525
144
934
500
551
174
736
910
278
890
300
326
34
234
870
795
152
808
191
532
879
504
903
958
482
934
683
701
205
831
892
344
466
986
799
970
731
246
736
456
436
